26090341
26090370
26090373
26090405
26090437
26090469
26090500
26090504
26090533
26090565
26090596
26090628
26090660
26090687
26090692
26090724
26090755
26090788
26090819
26090851
26090852
26090883
26090915
26090947
26090977
26090987
26091010
26091042
26091073
26091106
26091131
26091137
26091169
26091202
26091233
26091264
26091295
26091312
26091328
26091359
26091391
26091422
26091455
26091487
26091492
26091519
26091551
26091583
26091606
26091615
26091647
26091679
26091710
26091743
26091770
26091775
26091807
26091838
26091870
26091902
26091934
26091956
26091966
26091998
26092029
26092062
26092094
26092104
26092126
26092158
26092189
26092221
26092245
26092253
26092285
26092317
26092348
26092379
26092409
26092412
26092444
26092476
26092507
26092539
26092570
26092603
26092609
26092635
26092667
26092698
26092730
26092732
26092761
26092794
26092825
26092858
26092887
26092890
26092922
26092953
26092986
26093018
26093042
26093050
26093081
26093113
26093145
26093177
26093200
26093208
26093239
26093272
26093304
26093336
26093368
26093376
26093399
26093429
26093460
26093492
26093524
26093550
26093556
26093588
26093620
26093651
26093684
26093699
26093716
26093748
26093780
26093812
26093844
26093867
26093876
26093906
26093939
26093971
26094001
26094003
26094035
26094068
26094100
26094133
26094163
26094175
26094195
26094227
26094259
26094291
26094322
26094355
26094366
26094387
26094419
26094451
26094483
26094515
26094528
26094547
26094579
26094611
26094643
26094675
26094680
26094708
26094740
26094772
26094803
26094835
26094842
26094867
26094898
26094931
26094961
26094994
26095026
26095058
26095090
26095122
26095154
26095185
26095186
26095218
26095249
26095281
26095291
26095313
26095320
26095344
26095376
26095408
26095426
26095440
26095472
26095504
26095536
26095568
26095590
26095600
26095632
26095663
26095696
26095728
26095754
26095760
26095792
26095824
26095856
26095889
26095921
26095936
26095953
26095986
26096018
26096048
26096079
26096092
26096111
26096143
26096174
26096208
26096239
26096254
26096271
26096303
26096335
26096366
26096398
26096401
26096430
26096462
26096492
26096525
26096555
26096567
26096587
26096620
26096652
26096684
26096715
26096728
26096748
26096780
26096812
26096843
26096876
26096890
26096907
26096940
26096972
26097004
26097036
26097068
26097098
26097130
26097162
26097167
26097194
26097217
26097227
26097259
26097290
26097322
26097344
26097354
26097386
26097416
26097449
26097480
26097505
26097512
26097543
26097576
26097608
26097640
26097665
26097672
26097704
26097735
26097765
26097798
26097826
26097830
26097862
26097894
26097927
26097959
26097985
26097991
26098021
26098054
26098086
26098118
26098145
26098149
26098181
26098212
26098244
26098275
26098298
26098307
26098339
26098371
26098403
26098435
26098463
26098467
26098499
26098532
26098563
26098595
26098618
26098628
26098660
26098692
26098725
26098753
26098785
26098817
26098849
26098882
26098912
26098936
26098945
26098978
26099009
26099041
26099073
26099105
26099106
26099137
26099169
26099200
26099232
26099264
26099273
26099296
26099328
26099360
26099392
26099424
26099426
26099456
26099488
26099520
26099552
26099583
26099610
26099615
26099646
26099679
26099711
26099743
26099747
26099774
26099807
26099838
26099870
26099902
26099911
26099934
26099966
26099998
26100030
26100062
26100078
26100093
26100126
26100158
26100189
26100221
26100253
26100285
26100316
26100348
26100380
26100412
26100444
26100476
26100508
26100540
26100572
26100604
26100636
26100668
26100700
26100716
26100732
26100764
26100796
26100828
26100859
26100880
26100892
26100924
26100956
26100988
26101013
26101019
26101051
26101083
26101115
26101147
26101173
26101179
26101209
26101240
26101273
26101305
26101326
26101337
26101369
26101401
26101433
26101465
26101482
26101496
26101529
26101561
26101593
26101625
26101644
26101658
26101689
26101720
26101757
26101789
26101811
26101821
26101853
26101880
26101912
26101943
26101967
26101975
26102007
26102039
26102071
26102103
26102121
26102135
26102167
26102199
26102231
26102262
26102285
26102294
26102326
26102358
26102390
26102422
26102441
26102455
26102486
26102519
26102550
26102583
26102597
26102613
26102646
26102677
26102710
26102741
26102768
26102773
26102804
26102836
26102868
26102901
26102920
26102932
26102964
26102996
26103028
26103060
26103088
26103092
26103124
26103156
26103188
26103220
26103246
26103251
26103283
26103315
26103347
26103379
26103406
26103411
26103442
26103474
26103506
26103538
26103562
26103570
26103602
26103634
26103666
26103698
26103724
26103730
26103762
26103794
26103825
26103857
26103883
26103888
26103920
26103952
26103984
26104016
26104042
26104048
26104078
26104110
26104142
26104174
26104197
26104206
26104238
26104270
26104302
26104335
26104359
26104365
26104397
26104430
26104461
26104493
26104520
26104525
26104557
26104589
26104621
26104654
26104685
26104703
26104717
26104749
26104778
26104810
26104838
26104843
26104874
26104906
26104938
26104969
26105002
26105010
26105034
26105065
26105097
26105129
26105161
26105170
26105193
26105225
26105257
26105289
26105316
26105320
26105352
26105383
26105415
26105447
26105468
26105479
26105511
26105543
26105575
26105607
26105634
26105639
26105671
26105702
26105733
26105765
26105797
26105800
26105829
26105861
26105893
26105925
26105951
26105956
26105988
26106019
26106051
26106083
26106102
26106115
26106147
26106179
26106211
26106243
26106269
26106275
26106307
26106339
26106371
26106403
26106434
26106435
26106467
26106499
26106530
26106562
26106594
26106605
26106625
26106656
26106688
26106720
26106741
26106752
26106783
26106815
26106847
26106879
26106911
26106943
26106949
26106975
26107007
26107039
26107060
26107071
26107102
26107134
26107166
26107198
26107226
26107230
26107262
26107294
26107326
26107358
26107384
26107390
26107422
26107454
26107485
26107517
26107537
26107549
26107581
26107613
26107645
26107677
26107698
26107710
26107739
26107771
26107803
26107835
26107861
26107868
26107899
26107931
26107963
26107995
26108017
26108027
26108059
26108091
26108123
26108156
26108176
26108187
26108219
26108251
26108283
26108315
26108338
26108347
26108379
26108410
26108442
26108474
26108495
26108504
26108536
26108568
26108600
26108632
26108657
26108664
26108696
26108728
26108760
26108791
26108817
26108823
26108855
26108887
26108919
26108951
26108972
26108983
26109015
26109047
26109079
26109111
26109136
26109143
26109175
26109208
26109239
26109271
26109289
26109303
26109336
26109367
26109400
26109431
26109456
26109464
26109496
26109527
26109560
26109591
26109617
26109623
26109654
26109686
26109719
26109750
26109771
26109782
26109814
26109846
26109878
26109909
26109934
26109941
26109973
26110005
26110038
26110069
26110091
26110101
26110133
26110164
26110196
26110228
26110260
26110264
26110292
26110324
26110356
26110387
26110419
26110424
26110452
26110483
26110515
26110547
26110564
26110580
26110611
26110643
26110675
26110707
26110731
26110739
26110771
26110803
26110835
26110867
26110894
26110898
26110931
26110962
26110994
26111026
26111059
26111066
26111090
26111122
26111154
26111186
26111210
26111218
26111249
26111281
26111313
26111345
26111372
26111378
26111409
26111441
26111474
26111505
26111527
26111537
26111569
26111601
26111633
26111665
26111698
26111704
26111730
26111761
26111793
26111825
26111848
26111857
26111889
26111921
26111952
26111985
26112003
26112017
26112048
26112080
26112112
26112144
26112165
26112176
26112208
26112240
26112272
26112303
26112329
26112335
26112367
26112399
26112430
26112462
26112483
26112494
26112525
26112557
26112589
26112621
26112643
26112653
26112685
26112717
26112749
26112781
26112803
26112813
26112845
26112877
26112909
26112940
26112964
26112972
26113004
26113036
26113068
26113100
26113132
26113163
26113196
26113227
26113259
26113291
26113303
26113323
26113355
26113387
26113419
26113451
26113455
26113483
26113515
26113547
26113579
26113609
26113622
26113641
26113673
26113704
26113736
26113768
26113779
26113800
26113832
26113864
26113896
26113928
26113939
26113960
26113992
26114024
26114056
26114088
26114107
26114120
26114152
26114184
26114216
26114248
26114249
26114280
26114312
26114344
26114376
26114399
26114408
26114440
26114472
26114504
26114536
26114555
26114568
26114600
26114632
26114664
26114696
26114727
26114749
26114759
26114791
26114823
26114855
26114875
26114887
26114919
26114951
26114983
26115016
26115043
26115047
26115079
26115111
26115142
26115174
26115195
26115206
26115238
26115270
26115302
26115334
26115363
26115366
26115398
26115430
26115462
26115494
26115514
26115526
26115557
26115589
26115621
26115653
26115682
26115685
26115717
26115750
26115781
26115813
26115844
26115846
26115876
26115908
26115940
26115972
26116003
26116004
26116036
26116068
26116100
26116132
26116162
26116164
26116196
26116228
26116260
26116292
26116324
26116327
26116356
26116388
26116419
26116451
26116472
26116483
26116515
26116546
26116578
26116610
26116641
26116642
26116674
26116707
26116738
26116770
26116802
26116811
26116834
26116867
26116898
26116930
26116962
26116994
26117025
26117057
26117089
26117122
26117126
26117153
26117186
26117217
26117249
26117267
26117282
26117313
26117346
26117377
26117409
26117434
26117441
26117473
26117505
26117537
26117569
26117597
26117601
26117633
26117663
26117695
26117727
26117756
26117759
26117791
26117823
26117854
26117886
26117911
26117918
26117950
26117982
26118014
26118046
26118071
26118078
26118109
26118141
26118173
26118206
26118231
26118237
26118269
26118301
26118333
26118364
26118394
26118396
26118426
26118458
26118490
26118522
26118547
26118554
26118587
26118618
26118650
26118682
26118704
26118714
26118746
26118778
26118811
26118842
26118865
26118874
26118906
26118938
26118970
26119002
26119029
26119034
26119066
26119098
26119130
26119162
26119194
26119196
26119226
26119258
26119290
26119321
26119353
26119364
26119385
26119417
26119449
26119481
26119513
26119525
26119545
26119577
26119609
26119641
26119673
26119688
26119705
26119737
26119769
26119801
26119833
26119865
26119871
26119897
26119929
26119962
26119993
26119995
26120025
26120058
26120088
26120120
26120152
26120154
26120185
26120216
26120248
26120279
26120304
26120311
26120343
26120375
26120407
26120439
26120471
26120472
26120503
26120534
26120566
26120598
26120630
26120636
26120662
26120693
26120725
26120757
26120777
26120789
26120821
26120853
26120885
26120916
26120947
26120948
26120980
26121012
26121044
26121076
26121108
26121141
26121172
26121205
26121236
26121268
26121280
26121300
26121331
26121362
26121394
26121418
26121426
26121458
26121490
26121522
26121554
26121583
26121586
26121618
26121650
26121681
26121713
26121745
26121748
26121777
26121809
26121842
26121874
26121905
26121911
26121937
26121970
26122001
26122033
26122058
26122065
26122097
26122129
26122161
26122193
26122225
26122228
26122257
26122289
26122321
26122353
26122385
26122388
26122417
26122449
26122480
26122512
26122543
26122544
26122576
26122609
26122641
26122672
26122700
26122704
26122737
26122768
26122800
26122832
26122862
26122864
26122896
26122928
26122960
26122992
26123014
26123024
26123056
26123088
26123120
26123152
26123179
26123184
26123216
26123248
26123280
26123312
26123333
26123344
26123376
26123408
26123440
26123472
26123496
26123504
26123536
26123569
26123600
26123632
26123652
26123664
26123696
26123728
26123760
26123791
26123819
26123823
26123855
26123887
26123918
26123950
26123983
26123985
26124014
26124046
26124078
26124110
26124138
26124141
26124173
26124205
26124238
26124269
26124294
26124301
26124334
26124365
26124397
26124428
26124454
26124460
26124492
26124524
26124556
26124588
26124620
26124627
26124651
26124683
26124715
26124747
26124772
26124778
26124811
26124842
26124874
26124906
26124937
26124940
26124969
26125001
26125033
26125066
26125089
26125097
26125129
26125161
26125193
26125225
26125250
26125257
26125288
26125320
26125352
26125384
26125416
26125422
26125448
26125480
26125512
26125544
26125576
26125589
26125615
26125647
26125679
26125711
26125736
26125737
26125768
26125799
26125830
26125862
26125894
26125901
26125927
26125957
26125989
26126021
26126052
26126057
26126084
26126116
26126148
26126179
26126205
26126211
26126243
26126275
26126307
26126339
26126370
26126371
26126401
26126433
26126465
26126497
26126524
26126528
26126560
26126592
26126624
26126656
26126682
26126687
26126719
26126751
26126783
26126815
26126846
26126864
26126878
26126910
26126942
26126974
26127006
26127013
26127038
26127070
26127103
26127134
26127166
26127176
26127198
26127230
26127262
26127294
26127323
26127326
26127358
26127389
26127421
26127453
26127478
26127485
26127517
26127548
26127580
26127612
26127645
26127676
26127692
26127708
26127740
26127772
26127804
26127824
26127836
26127868
26127900
26127932
26127964
26127983
26127996
26128028
26128060
26128092
26128125
26128144
26128157
26128188
26128220
26128252
26128284
26128313
26128315
26128347
26128379
26128411
26128443
26128475
26128478
26128507
26128539
26128572
26128600
26128603
26128635
26128667
26128700
26128731
26128763
26128774
26128795
26128827
26128859
26128891
26128911
26128923
26128955
26128987
26129019
26129051
26129070
26129082
26129114
26129146
26129178
26129210
26129230
26129242
26129274
26129306
26129337
26129369
26129394
26129401
26129432
26129465
26129496
26129528
26129551
26129560
26129592
26129623
26129654
26129686
26129712
26129718
26129750
26129782
26129815
26129846
26129866
26129878
26129910
26129942
26129971
26130003
26130023
26130035
26130067
26130098
26130130
26130162
26130185
26130194
26130225
26130257
26130289
26130321
26130342
26130352
26130384
26130416
26130448
26130480
26130502
26130512
26130544
26130576
26130608
26130640
26130662
26130672
26130704
26130735
26130768
26130799
26130827
26130831
26130863
26130895
26130927
26130959
26130988
26130991
26131023
26131055
26131087
26131119
26131143
26131151
26131183
26131215
26131247
26131279
26131303
26131311
26131343
26131376
26131407
26131439
26131461
26131471
26131503
26131535
26131567
26131599
26131620
26131629
26131661
26131693
26131725
26131757
26131779
26131789
26131821
26131853
26131885
26131917
26131941
26131949
26131981
26132012
26132044
26132076
26132099
26132108
26132139
26132171
26132203
26132235
26132258
26132267
26132299
26132330
26132362
26132394
26132415
26132426
26132457
26132489
26132521
26132551
26132577
26132582
26132615
26132644
26132676
26132707
26132728
26132738
26132770
26132802
26132834
26132866
26132888
26132898
26132930
26132962
26132994
26133026
26133050
26133058
26133090
26133122
26133154
26133186
26133209
26133218
26133250
26133282
26133314
26133346
26133373
26133378
26133410
26133442
26133473
26133505
26133526
26133537
26133569
26133601
26133633
26133665
26133687
26133696
26133727
26133758
26133791
26133822
26133844
26133854
26133886
26133918
26133950
26133982
26134001
26134014
26134044
26134076
26134108
26134140
26134164
26134172
26134204
26134237
26134268
26134300
26134327
26134332
26134364
26134396
26134428
26134460
26134485
26134491
26134523
26134555
26134587
26134619
26134643
26134651
26134683
26134714
26134746
26134779
26134806
26134810
26134842
26134874
26134906
26134938
26134964
26134970
26135002
26135034
26135066
26135099
26135126
26135130
26135162
26135195
26135226
26135259
26135286
26135290
26135322
26135354
26135387
26135418
26135450
26135451
26135482
26135514
26135546
26135578
26135602
26135611
26135642
26135674
26135706
26135739
26135761
26135770
26135802
26135834
26135866
26135898
26135922
26135930
26135962
26135994
26136026
26136058
26136080
26136090
26136122
26136154
26136186
26136218
26136245
26136249
26136281
26136313
26136345
26136377
26136399
26136409
26136441
26136473
26136505
26136538
26136557
26136569
26136601
26136633
26136665
26136697
26136721
26136730
26136760
26136792
26136824
26136856
26136878
26136888
26136920
26136952
26136984
26137016
26137033
26137048
26137078
26137110
26137142
26137174
26137196
26137206
26137238
26137269
26137301
26137333
26137356
26137366
26137398
26137430
26137461
26137492
26137508
26137524
26137556
26137588
26137620
26137652
26137676
26137684
26137717
26137748
26137780
26137812
26137836
26137843
26137875
26137907
26137939
26137971
26137994
26138002
26138034
26138066
26138098
26138130
26138159
26138162
26138194
26138226
26138258
26138290
26138322
26138330
26138354
26138386
26138418
26138450
26138482
26138499
26138514
26138546
26138578
26138610
26138632
26138642
26138674
26138706
26138738
26138769
26138793
26138801
26138833
26138865
26138897
26138929
26138956
26138961
26138993
26139024
26139055
26139087
26139112
26139119
26139151
26139183
26139215
26139247
26139274
26139279
26139311
26139343
26139374
26139406
26139430
26139438
26139471
26139501
26139532
26139564
26139587
26139596
26139628
26139660
26139692
26139724
26139744
26139756
26139787
26139819
26139851
26139883
26139907
26139915
26139947
26139978
26140009
26140041
26140066
26140073
26140105
26140137
26140169
26140201
26140227
26140233
26140265
26140297
26140329
26140361
26140389
26140393
26140425
26140457
26140489
26140521
26140553
26140561
26140585
26140617
26140649
26140681
26140705
26140714
