11072005
11078605
11083505
11091805
11093605
11097205
11100905
11108905
11111205
11115105
11130705
11137105
11144605
11154205
11164705
11168105
11171905
11174705
11181405
11187605
11204605
11216705
11222005
11226105
11235905
11239905
11252805
11256605
11258805
11261905
11273505
11283905
11290705
11296005
11298905
11316905
11335605
11348405
11355805
11362805
11366505
11377405
11389405
11393105
11400805
11421505
11421905
11429405
11434705
11445305
11462105
11476505
11480005
11492205
11503505
11516605
11527605
11539605
11549605
11557505
11568905
11580805
11599305
11604505
11622505
11626405
11638305
11646005
11660705
11664705
11674905
11689805
11695805
11700905
11708405
11713805
11716405
11721405
11726405
11735005
11739105
11742305
11751505
11755605
11763005
11765205
11771005
11778705
11783305
11793805
11796205
11799405
11802605
11806005
11809005
11814705
11822605
11834205
11838805
11843505
11850905
11858105
11862005
11866305
11870905
11879405
11890105
11896205
11901105
11903605
11908705
11914405
11920905
11926905
11931505
11934605
11940205
11946005
11949305
11957405
11960505
11964405
11973005
11982505
11986705
11993205
12001405
12003805
12020205
12025205
12031805
12048105
12058605
12065505
12067705
12072205
12082105
12092505
12096205
12098705
12111505
12114905
12118405
12118805
12120205
12121805
12123205
12124505
12126205
12130005
12135905
12148105
12158205
12166805
12173505
12177805
12183505
12194805
12201405
12213305
12232205
12238805
12261105
12274605
12283705
12288405
12288805
12289205
12289605
12290005
12290405
12290805
12291205
12291605
12292005
12292405
12292805
12293205
12293605
12294005
12294605
12295005
12295405
12296505
12312705
12323905
12327905
12334405
12342905
12347805
12355705
12362305
