11072005
11074205
11076905
11077205
11078605
11079405
11082305
11083205
11083505
11084005
11087105
11087805
11091805
11092305
11092405
11092805
11093605
11095205
11095305
11097005
11097205
11097605
11097905
11098305
11100905
11101505
11102205
11102305
11108905
11109905
11110105
11110705
11111205
11111505
11112405
11113005
11115105
11116205
11123105
11128705
11130705
11132205
11133305
11136005
11137105
11142205
11142905
11143105
11144605
11145005
11151105
11153205
11154205
11155705
11157105
11159205
11164705
11165005
11165205
11166905
11168105
11168305
11169205
11169305
11171905
11172905
11173805
11174505
11174705
11175005
11176005
11181105
11181405
11182305
11183105
11183305
11187605
11188905
11189005
11203405
11204605
11205805
11206105
11210205
11216705
11219205
11219905
11220305
11222005
11222105
11224005
11226005
11226105
11228005
11229805
11234105
11235905
11238505
11239005
11239105
11239905
11240805
11244105
11249405
11252805
11254005
11255205
11255805
11256605
11257605
11258305
11258405
11258805
11259105
11260105
11261805
11261905
11265005
11267205
11270105
11273505
11275405
11278505
11279305
11283905
11285605
11286505
11287705
11290705
11291105
11293505
11294305
11296005
11296205
11297305
11297905
11298905
11301505
11307305
11312905
11316905
11317705
11321305
11333905
11335605
11335905
11339205
11341305
11348405
11349005
11349605
11351205
11355805
11358305
11361205
11362205
11362805
11363905
11364705
11365105
11366505
11366805
11370705
11373905
11377405
11379105
11387005
11388405
11389405
11390505
11390705
11391405
11393105
11394305
11394805
11397105
11400805
11406805
11414505
11417805
11421505
11421605
11421705
11421805
11421905
11422405
11428605
11428805
11429405
11429505
11430805
11433505
11434705
11437805
11438205
11444805
11445305
11445605
11446805
11459805
11462105
11463305
11472405
11472505
11476505
11478505
11479105
11479805
11480005
11480305
11485105
11492105
11492205
11498905
11499205
11501905
11503505
11508305
11513805
11516505
11516605
11518705
11519605
11525605
11527605
11531705
11538405
11539205
11539605
11541405
11547905
11548905
11549605
11552705
11554405
11556505
11557505
11559005
11561005
11566405
11568905
11574305
11575305
11578105
11580805
11587005
11587805
11594205
11599305
11601105
11603105
11603705
11604505
11609305
11619705
11620305
11622505
11622605
11624605
11625605
11626405
11629105
11635105
11638005
11638305
11638905
11642905
11645805
11646005
11648005
11656505
11659805
11660705
11662605
11662905
11664505
11664705
11665705
11670305
11673305
11674905
11675505
11685805
11687905
11689805
11692105
11693305
11695505
11695805
11696805
11698305
11698405
11700905
11703205
11703405
11705305
11708405
11709905
11710505
11712705
11713805
11715005
11715105
11716105
11716405
11716805
11717705
11720705
11721405
11722205
11724505
11726205
11726405
11728005
11729305
11734105
11735005
11736605
11737905
11738305
11739105
11740005
11740405
11740805
11742305
11748305
11749405
11750405
11751505
11753205
11754105
11754605
11755605
11759205
11760605
11761105
11763005
11763205
11764405
11765105
11765205
11766305
11769205
11770305
11771005
11775005
11777305
11777505
11778705
11779105
11780805
11781005
11783305
11787405
11792005
11792905
11793805
11794405
11794605
11796005
11796205
11796405
11798705
11799005
11799405
11801105
11801505
11802205
11802605
11802805
11803105
11803305
11806005
11806705
11807505
11808105
11809005
11809405
11810505
11814605
11814705
11815805
11821105
11821305
11822605
11823605
11826605
11830405
11834205
11834405
11836305
11837605
11838805
11839305
11840405
11841205
11843505
11846505
11849705
11850005
11850905
11853605
11854105
11855105
11858105
11858505
11861105
11861905
11862005
11862405
11862605
11863405
11866305
11867705
11868105
11870205
11870905
11873705
11875805
11876305
11879405
11881805
11882305
11883805
11890105
11891305
11893405
11895805
11896205
11897005
11898305
11899805
11901105
11901305
11901505
11902005
11903605
11904705
11906405
11907805
11908705
11910905
11913805
11914005
11914405
11917005
11919305
11919505
11920905
11921505
11923305
11923805
11926905
11928805
11929405
11930705
11931505
11932405
11933205
11933605
11934605
11938705
11939405
11940005
11940205
11940405
11940805
11945805
11946005
11946105
11947205
11947805
11949305
11953305
11955905
11956505
11957405
11957905
11958505
11959705
11960505
11960905
11962805
11964105
11964405
11966105
11967805
11971305
11973005
11974905
11976305
11978905
11982505
11983805
11984105
11985905
11986705
11988705
11990605
11992905
11993205
11994005
11994605
12001105
12001405
12002005
12002705
12003105
12003805
12009005
12015905
12016005
12020205
12021705
12023005
12025005
12025205
12028105
12028505
12030705
12031805
12038705
12043705
12045405
12048105
12053905
12054205
12057405
12058605
12061605
12063005
12063805
12065505
12065605
12066205
12067205
12067705
12068705
12068905
12071205
12072205
12078805
12080105
12080205
12082105
12087405
12088305
12090205
12092505
12093005
12093605
12094005
12096205
12096405
12096905
12097705
12098705
12103805
12105205
12105605
12111505
12112105
12113705
12113905
12114905
12115305
12118005
12118305
12118405
12118505
12118605
12118705
12118805
12119505
12119905
12120005
12120205
12120505
12121505
12121605
12121805
12122105
12122905
12123105
12123205
12123305
12123405
12123605
12124505
12124705
12126005
12126105
12126205
12127305
12128305
12128605
12130005
12130205
12131505
12131705
12135905
12138005
12142805
12144005
12148105
12150005
12150105
12157205
12158205
12159305
12160705
12162305
12166805
12167105
12167905
12171805
12173505
12174805
12176405
12176605
12177805
12178505
12180605
12182405
12183505
12183705
12184605
12191205
12194805
12197005
12199605
12200405
12201405
12201605
12205205
12209805
12213305
12214005
12222305
12227605
12232205
12232505
12233805
12235505
12238805
12242105
12243605
12260305
12261105
12265105
12269005
12274205
12274605
12276005
12280705
12280805
12283705
12285605
12287005
12288305
12288405
12288505
12288605
12288705
12288805
12288905
12289005
12289105
12289205
12289305
12289405
12289505
12289605
12289705
12289805
12289905
12290005
12290105
12290205
12290305
12290405
12290505
12290605
12290705
12290805
12290905
12291005
12291105
12291205
12291305
12291405
12291505
12291605
12291705
12291805
12291905
12292005
12292105
12292205
12292305
12292405
12292505
12292605
12292705
12292805
12292905
12293005
12293105
12293205
12293305
12293405
12293505
12293605
12293705
12293805
12293905
12294005
12294105
12294405
12294505
12294605
12294705
12294805
12294905
12295005
12295105
12295205
12295305
12295405
12295505
12295605
12295705
12296505
12298105
12300005
12312505
12312705
12318605
12323205
12323305
12323905
12324105
12324605
12326905
12327905
12328005
12330005
12332105
12334405
12336505
12341305
12341405
12342905
12345705
12347205
12347605
12347805
12349705
12350905
12355005
12355705
12356305
12357605
12361605
12362305
12366705
12366805
12367405
