25924729
25924761
25924769
25924794
25924826
25924859
25924890
25924922
25924954
25924987
25925019
25925051
25925082
25925083
25925115
25925146
25925165
25925179
25925211
25925243
25925275
25925304
25925306
25925338
25925372
25925404
25925435
25925467
25925481
25925499
25925531
25925563
25925595
25925627
25925659
25925688
25925690
25925722
25925755
25925787
25925818
25925851
25925883
25925915
25925943
25925948
25925980
25926012
25926045
25926077
25926109
25926114
25926142
25926174
25926206
25926239
25926242
25926271
25926297
25926303
25926335
25926369
25926399
25926426
25926431
25926463
25926495
25926528
25926560
25926592
25926618
25926625
25926657
25926689
25926722
25926753
25926785
25926818
25926850
25926870
25926882
25926915
25926947
25926979
25927012
25927041
25927044
25927075
25927107
25927140
25927172
25927196
25927205
25927237
25927269
25927301
25927333
25927365
25927398
25927430
25927462
25927483
25927495
25927527
25927559
25927590
25927622
25927654
25927687
25927719
25927734
25927751
25927784
25927815
25927847
25927877
25927880
25927912
25927944
25927976
25928009
25928041
25928049
25928073
25928105
25928137
25928170
25928202
25928220
25928234
25928267
25928299
25928331
25928363
25928389
25928395
25928427
25928460
25928492
25928505
25928524
25928557
25928589
25928621
25928653
25928666
25928685
25928717
25928749
25928782
25928814
25928846
25928867
25928878
25928910
25928942
25928975
25929006
25929038
25929071
25929103
25929116
25929135
25929168
25929200
25929232
25929264
25929288
25929297
25929329
25929362
25929394
25929426
25929458
25929459
25929491
25929523
25929539
25929556
25929587
25929619
25929652
25929684
25929706
25929715
25929748
25929780
25929812
25929834
25929844
25929877
25929909
25929941
25929974
25930006
25930039
25930052
25930071
25930103
25930135
25930168
25930200
25930222
25930231
25930264
25930296
25930328
25930360
25930392
25930424
25930457
25930489
25930511
25930521
25930554
25930586
25930618
25930651
25930681
25930683
25930715
25930748
25930780
25930799
25930812
25930845
25930877
25930909
25930942
25930943
25930974
25931007
25931039
25931070
25931102
25931122
25931135
25931167
25931199
25931232
25931260
25931264
25931296
25931329
25931361
25931393
25931426
25931458
25931491
25931497
25931523
25931555
25931587
25931620
25931652
25931669
25931684
25931716
25931748
25931779
25931812
25931838
25931843
25931875
25931908
25931939
25931971
25932002
25932005
25932035
25932067
25932100
25932120
25932132
25932164
25932197
25932229
25932257
25932261
25932293
25932326
25932358
25932387
25932388
25932421
25932453
25932486
25932517
25932549
25932576
25932582
25932614
25932645
25932678
25932706
25932710
25932742
25932774
25932806
25932838
25932871
25932903
25932935
25932965
25932999
25933004
25933029
25933061
25933094
25933127
25933139
25933159
25933191
25933223
25933256
25933271
25933288
25933299
25933320
25933352
25933385
25933417
25933449
25933481
25933512
25933537
25933544
25933577
25933608
25933641
25933648
25933673
25933705
25933737
25933770
25933792
25933802
25933834
25933867
25933899
25933926
25933930
25933963
25933994
25934026
25934059
25934090
25934092
25934122
25934155
25934187
25934219
25934252
25934253
25934284
25934316
25934349
25934381
25934413
25934445
25934460
25934477
25934509
25934542
25934574
25934606
25934639
25934658
25934671
25934703
25934736
25934769
25934770
25934800
25934832
25934864
25934896
25934929
25934949
25934961
25934994
25935026
25935054
25935058
25935090
25935123
25935155
25935187
25935217
25935219
25935252
25935284
25935317
25935349
25935381
25935413
25935447
25935448
25935478
25935511
25935543
25935575
25935608
25935633
25935639
25935670
25935703
25935735
25935744
25935767
25935800
25935832
25935864
25935897
25935929
25935939
25935961
25935993
25936020
25936025
25936057
25936089
25936122
25936154
25936181
25936186
25936219
25936250
25936283
25936315
25936347
25936351
25936379
25936412
25936444
25936477
25936509
25936541
25936565
25936573
25936606
25936637
25936670
25936702
25936726
25936732
25936764
25936797
25936829
25936861
25936894
25936926
25936958
25936991
25936993
25937018
25937022
25937054
25937087
25937119
25937150
25937151
25937184
25937215
25937247
25937280
25937312
25937328
25937344
25937376
25937409
25937441
25937474
25937506
25937533
25937538
25937571
25937603
25937635
25937653
25937668
25937699
25937731
25937764
25937791
25937796
25937828
25937860
25937892
25937924
25937948
25937957
25937989
25938020
25938052
25938085
25938115
25938117
25938149
25938182
25938214
25938246
25938279
25938311
25938337
25938343
25938375
25938407
25938439
25938472
25938495
25938504
25938536
25938569
25938601
25938626
25938633
25938665
25938697
25938729
25938761
25938793
25938825
25938857
25938890
25938922
25938931
25938954
25938987
25939019
25939051
25939078
25939083
25939116
25939148
25939180
25939213
25939244
25939252
25939276
25939309
25939341
25939373
25939406
25939438
25939469
25939502
25939517
25939534
25939567
25939599
25939631
25939663
25939694
25939696
25939727
25939758
25939775
25939790
25939822
25939854
25939887
25939919
25939947
25939951
25939984
25940016
25940048
25940081
25940113
25940135
25940145
25940178
25940210
25940242
25940274
25940305
25940336
25940369
25940401
25940431
25940433
25940466
25940498
25940531
25940563
25940596
25940627
25940660
25940692
25940701
25940724
25940756
25940788
25940820
25940822
25940853
25940885
25940918
25940950
25940982
25940993
25941014
25941048
25941080
25941111
25941133
25941142
25941174
25941206
25941239
25941251
25941271
25941303
25941335
25941367
25941394
25941399
25941432
25941464
25941496
25941510
25941529
25941561
25941593
25941626
25941653
25941658
25941691
25941723
25941726
25941755
25941788
25941820
25941852
25941883
25941916
25941948
25941961
25941980
25942013
25942042
25942044
25942075
25942108
25942140
25942156
25942170
25942203
25942235
25942268
25942300
25942332
25942364
25942397
25942429
25942461
25942477
25942494
25942526
25942558
25942591
25942623
25942656
25942688
25942720
25942752
25942785
25942813
25942817
25942849
25942882
25942914
25942946
25942979
25943010
25943011
25943025
25943043
25943054
25943072
25943076
25943099
25943109
25943140
25943173
25943205
25943237
25943268
25943270
25943302
25943334
25943366
25943399
25943431
25943433
25943463
25943496
25943528
25943561
25943593
25943599
25943625
25943657
25943690
25943722
25943755
25943759
25943787
25943819
25943851
25943884
25943915
25943919
25943948
25943980
25944011
25944043
25944075
25944076
25944108
25944139
25944172
25944204
25944236
25944243
25944269
25944301
25944333
25944366
25944398
25944401
25944430
25944463
25944495
25944526
25944550
25944559
25944591
25944623
25944655
25944688
25944720
25944724
25944752
25944785
25944817
25944849
25944877
25944882
25944914
25944946
25944979
25945011
25945040
25945043
25945076
25945108
25945141
25945173
25945205
25945215
25945237
25945270
25945302
25945334
25945359
25945366
25945398
25945430
25945462
25945494
25945522
25945527
25945559
25945591
25945624
25945656
25945681
25945687
25945718
25945751
25945783
25945816
25945839
25945847
25945879
25945911
25945944
25945974
25945998
25946006
25946039
25946071
25946103
25946136
25946161
25946168
25946200
25946232
25946264
25946296
25946329
25946330
25946361
25946393
25946426
25946458
25946490
25946523
25946555
25946586
25946619
25946651
25946656
25946683
25946716
25946748
25946780
25946809
25946813
25946845
25946877
25946910
25946942
25946971
25946973
25947006
25947038
25947070
25947103
25947135
25947139
25947168
25947200
25947231
25947263
25947288
25947296
25947329
25947360
25947393
25947425
25947457
25947490
25947522
25947554
25947587
25947617
25947619
25947651
25947684
25947716
25947748
25947779
25947780
25947811
25947844
25947876
25947908
25947940
25947945
25947973
25948004
25948036
25948069
25948101
25948107
25948133
25948166
25948198
25948230
25948263
25948295
25948327
25948360
25948392
25948424
25948457
25948488
25948520
25948553
25948585
25948617
25948649
25948681
25948713
25948743
25948746
25948778
25948811
25948843
25948875
25948906
25948907
25948940
25948972
25949005
25949037
25949065
25949069
25949101
25949134
25949165
25949197
25949222
25949230
25949262
25949294
25949326
25949358
25949390
25949393
25949423
25949455
25949487
25949519
25949550
25949582
25949615
25949647
25949680
25949712
25949714
25949744
25949775
25949808
25949840
25949868
25949872
25949904
25949936
25949968
25950001
25950027
25950032
25950064
25950096
25950129
25950161
25950192
25950195
25950224
25950256
25950288
25950321
25950350
25950352
25950384
25950418
25950450
25950482
25950514
25950517
25950546
25950578
25950611
25950643
25950675
25950680
25950708
25950740
25950771
25950804
25950829
25950836
25950868
25950900
25950932
25950964
25950996
25950999
25951029
25951061
25951094
25951126
25951157
25951159
25951189
25951220
25951253
25951285
25951317
25951318
25951349
25951382
25951414
25951446
25951477
25951479
25951511
25951543
25951576
25951608
25951632
25951640
25951673
25951705
25951737
25951769
25951804
25951834
25951867
25951899
25951931
25951963
25951966
25951996
25952028
25952060
25952092
25952123
25952124
25952156
25952188
25952220
25952252
25952284
25952286
25952317
25952349
25952381
25952414
25952446
25952478
25952511
25952543
25952575
25952602
25952608
25952640
25952673
25952705
25952737
25952767
25952769
25952802
25952834
25952866
25952899
25952928
25952931
25952962
25952995
25953027
25953059
25953088
25953092
25953124
25953156
25953189
25953221
25953253
25953286
25953318
25953350
25953382
25953415
25953421
25953446
25953478
25953511
25953543
25953571
25953575
25953608
25953640
25953673
25953705
25953736
25953737
25953769
25953802
25953834
25953866
25953890
25953899
25953931
25953963
25953996
25954029
25954056
25954060
25954093
25954125
25954157
25954189
25954221
25954222
25954253
25954286
25954318
25954351
25954380
25954382
25954414
25954446
25954480
25954511
25954538
25954543
25954576
25954608
25954641
25954673
25954704
25954736
25954770
25954801
25954833
25954866
25954875
25954898
25954931
25954963
25954994
25955026
25955035
25955057
25955089
25955121
25955154
25955186
25955191
25955218
25955250
25955282
25955315
25955344
25955347
25955379
25955411
25955444
25955476
25955501
25955508
25955539
25955572
25955604
25955637
25955669
25955670
25955701
25955734
25955766
25955798
25955831
25955862
25955894
25955927
25955959
25955991
25955994
25956025
25956056
25956087
25956120
25956152
25956154
25956184
25956215
25956248
25956280
25956308
25956313
25956345
25956377
25956410
25956442
25956473
25956474
25956506
25956538
25956572
25956603
25956635
25956636
25956667
25956700
25956732
25956764
25956797
25956799
25956829
25956861
25956894
25956926
25956958
25956963
25956991
25957023
25957054
25957087
25957117
25957119
25957151
25957184
25957216
25957248
25957278
25957281
25957312
25957344
25957377
25957408
25957434
25957439
25957472
25957504
25957536
25957568
25957599
25957601
25957633
25957666
25957698
25957729
25957756
25957761
25957794
25957826
25957859
25957891
25957915
25957923
25957956
25957988
25958020
25958052
25958084
25958088
25958116
25958148
25958180
25958211
25958239
25958243
25958276
25958308
25958341
25958373
25958400
25958405
25958436
25958469
25958501
25958533
25958565
25958596
25958628
25958659
25958691
25958723
25958755
25958788
25958820
25958852
25958885
25958886
25958917
25958949
25958982
25959014
25959039
25959047
25959079
25959111
25959143
25959176
25959202
25959209
25959240
25959273
25959304
25959336
25959361
25959369
25959401
25959432
25959465
25959497
25959523
25959529
25959562
25959594
25959626
25959659
25959689
25959691
25959723
25959756
25959788
25959820
25959852
25959853
25959885
25959916
25959949
25959981
25960008
25960012
25960045
25960077
25960109
25960142
25960172
25960174
25960206
25960239
25960271
25960303
25960333
25960336
25960368
25960400
25960433
25960465
25960498
25960499
25960530
25960562
25960594
25960627
25960651
25960659
25960691
25960724
25960756
25960788
25960821
25960823
25960853
25960885
25960918
25960950
25960978
25960982
25961014
25961046
25961078
25961110
25961141
25961143
25961175
25961207
25961240
25961272
25961305
25961337
25961369
25961402
25961434
25961459
25961466
25961499
25961531
25961563
25961595
25961619
25961628
25961660
25961692
25961725
25961757
25961781
25961789
25961821
25961854
25961886
25961918
25961949
25961950
25961982
25962014
25962047
25962079
25962105
25962111
25962144
25962176
25962208
25962241
25962272
25962276
25962304
25962337
25962369
25962401
25962434
25962435
25962466
25962498
25962531
25962562
25962591
25962594
25962627
25962659
25962691
25962723
25962748
25962755
25962788
25962820
25962852
25962884
25962914
25962917
25962949
25962981
25963014
25963046
25963079
25963110
25963142
25963174
25963207
25963231
25963238
25963270
25963303
25963335
25963367
25963394
25963400
25963432
25963464
25963497
25963528
25963560
25963593
25963624
25963656
25963689
25963717
25963721
25963754
25963786
25963818
25963850
25963878
25963882
25963914
25963946
25963979
25964011
25964035
25964044
25964076
25964108
25964139
25964172
25964201
25964204
25964236
25964268
25964301
25964333
25964359
25964366
25964398
25964430
25964463
25964495
25964527
25964529
25964560
25964592
25964624
25964657
25964689
25964692
25964721
25964754
25964785
25964817
25964850
25964851
25964882
25964914
25964947
25964978
25965008
25965010
25965043
25965075
25965107
25965140
25965172
25965176
25965204
25965235
25965268
25965300
25965328
25965333
25965365
25965397
25965429
25965462
25965494
25965500
25965527
25965559
25965591
25965623
25965654
25965656
25965688
25965720
25965753
25965785
25965808
25965816
25965849
25965881
25965913
25965945
25965975
25965977
25966009
25966042
25966074
25966106
25966138
25966141
25966171
25966203
25966235
25966267
25966293
25966299
25966332
25966364
25966396
25966429
25966460
25966461
25966492
25966525
25966557
25966589
25966620
25966622
25966654
25966686
25966719
25966751
25966783
25966785
25966815
25966848
25966880
25966913
25966937
25966945
25966977
25967010
25967042
25967074
25967104
25967107
25967139
25967171
25967203
25967235
25967267
25967297
25967299
25967332
25967364
25967396
25967429
25967461
25967493
25967526
25967558
25967589
25967590
25967622
25967655
25967687
25967718
25967751
25967758
25967783
25967815
25967848
25967880
25967913
25967917
25967945
25967977
25968009
25968042
25968070
25968074
25968106
25968139
25968171
25968203
25968234
25968236
25968268
25968300
25968333
25968365
25968388
25968397
25968430
25968462
25968494
25968527
25968559
25968562
25968591
25968621
25968654
25968686
25968718
25968725
25968751
25968783
25968816
25968848
25968875
25968880
25968912
25968945
25968977
25969009
25969040
25969042
25969074
25969107
25969139
25969171
25969202
25969203
25969236
25969268
25969300
25969332
25969357
25969365
25969397
25969430
25969462
25969494
25969519
25969527
25969559
25969591
25969624
25969656
25969688
25969721
25969753
25969785
25969818
25969848
25969850
25969882
25969915
25969947
25969979
25970011
25970012
25970044
25970075
25970108
25970140
25970172
25970174
25970205
25970236
25970268
25970301
25970333
25970335
25970365
25970396
25970429
25970461
25970491
25970494
25970526
25970558
25970591
25970623
25970652
25970655
25970687
25970720
25970752
25970785
25970817
25970821
25970849
25970881
25970913
25970945
25970978
25971010
25971038
25971042
25971075
25971107
25971139
25971146
25971172
25971204
25971236
25971269
25971301
25971305
25971333
25971366
25971398
25971430
25971462
25971463
25971493
25971525
25971558
25971589
25971621
25971654
25971686
25971718
25971750
25971781
25971782
25971813
25971846
25971878
25971910
25971935
25971943
25971975
25972006
25972039
25972071
25972104
25972111
25972136
25972167
25972199
25972231
25972263
25972289
25972295
25972328
25972360
25972392
25972425
25972426
25972457
25972489
25972522
25972554
25972586
25972588
25972619
25972651
25972683
25972716
25972748
25972749
25972780
25972813
25972845
25972877
25972908
25972910
25972942
25972974
25973007
25973039
25973069
25973070
25973102
25973134
25973166
25973199
25973231
25973234
25973263
25973295
25973328
25973360
25973392
25973425
25973457
25973489
25973522
25973548
25973554
25973586
25973618
25973651
25973683
25973715
25973740
25973747
25973780
25973812
25973845
25973877
25973887
25973909
25973942
25973974
25974006
25974036
25974039
25974071
25974103
25974136
25974168
25974200
25974205
25974233
25974265
25974297
25974330
25974362
25974366
25974394
25974427
25974459
25974491
25974517
25974524
25974556
25974588
25974621
25974653
25974677
25974685
25974718
25974750
25974782
25974815
25974847
25974850
25974879
25974912
25974944
25974976
25975004
25975009
25975041
25975073
25975107
25975138
25975167
25975170
25975203
25975235
25975267
25975300
25975332
25975343
25975364
25975397
25975429
25975461
25975493
25975496
25975526
25975558
25975590
25975623
25975655
25975661
25975687
25975720
25975752
25975784
25975810
25975817
25975849
25975881
25975914
25975946
25975978
25975980
25976011
25976043
25976075
25976108
25976141
25976172
25976204
25976235
25976236
25976268
25976301
25976307
25976333
25976364
25976397
25976429
25976461
25976462
25976494
25976525
25976556
25976588
25976616
25976619
25976651
25976684
25976716
25976748
25976781
25976783
25976813
25976845
25976878
25976910
25976937
25976942
25976975
25977006
25977038
25977071
25977103
25977104
25977135
25977168
25977200
25977231
25977264
25977270
25977296
25977328
25977361
25977393
25977425
25977433
25977457
25977489
25977520
25977553
25977585
25977586
25977617
25977649
25977681
25977714
25977745
25977746
25977776
25977809
25977841
25977873
25977905
25977911
25977938
25977969
25978001
25978034
25978065
25978067
25978098
25978130
25978162
25978193
25978226
25978231
25978258
25978290
25978322
25978354
25978386
25978389
25978419
25978451
25978483
25978516
25978544
25978548
25978579
25978612
25978644
25978676
25978708
25978709
25978740
25978772
25978805
25978838
25978869
25978871
25978902
25978933
25978966
25978998
25979030
25979033
25979062
25979095
25979127
25979159
25979189
25979192
25979224
25979255
25979288
25979320
25979351
25979384
25979416
25979448
25979480
25979509
25979512
25979544
25979577
25979609
25979641
25979667
25979671
25979704
25979736
25979768
25979801
25979825
25979833
25979865
25979898
25979930
25979962
25979995
25980001
25980027
25980060
25980092
25980124
25980156
25980161
25980189
25980221
25980253
25980286
25980318
25980322
25980351
25980383
25980415
25980447
25980479
25980480
25980512
25980544
25980577
25980609
25980633
25980641
25980674
25980706
25980738
25980771
25980803
25980805
25980835
25980868
25980900
25980931
25980964
25980996
25981028
25981061
25981093
25981125
25981127
25981157
25981189
25981221
25981254
25981279
25981286
25981318
25981351
25981383
25981415
25981444
25981448
25981481
25981512
25981545
25981577
25981607
25981610
25981642
25981674
25981706
25981739
25981769
25981771
25981803
25981837
25981869
25981900
25981926
25981933
25981965
25981998
25982030
25982062
25982093
25982094
25982125
25982157
25982189
25982222
25982251
25982254
25982285
25982318
25982349
25982381
25982409
25982414
25982443
25982475
25982508
25982540
25982572
25982577
25982605
25982637
25982669
25982702
25982734
25982737
25982766
25982799
25982831
25982863
25982888
25982896
25982928
25982960
25982993
25983025
25983048
25983058
25983089
25983121
25983153
25983185
25983216
25983218
25983249
25983281
25983313
25983347
25983378
25983391
25983410
25983442
25983475
25983507
25983538
25983541
25983571
25983603
25983635
25983668
25983700
25983702
25983732
25983765
25983797
25983830
25983856
25983862
25983894
25983925
25983958
25983990
25984020
25984022
25984055
25984087
25984119
25984151
25984183
25984215
25984247
25984279
25984311
25984342
25984343
25984373
25984405
25984437
25984468
25984500
25984502
25984533
25984565
25984597
25984630
25984662
25984664
25984694
25984727
25984759
25984791
25984824
25984825
25984856
25984888
25984921
25984953
25984985
25984988
25985018
25985050
25985082
25985115
25985147
25985153
25985179
25985212
25985244
25985276
25985302
25985309
25985340
25985372
25985405
25985437
25985468
25985478
25985501
25985533
25985565
25985598
25985627
25985630
25985662
25985695
25985727
25985759
25985788
25985792
25985824
25985856
25985888
25985920
25985952
25985984
25986016
25986048
25986081
25986113
25986145
25986177
25986210
25986242
25986275
25986276
25986307
25986339
25986372
25986404
25986433
25986436
25986468
25986502
25986533
25986566
25986590
25986598
25986630
25986662
25986695
25986727
25986760
25986792
25986823
25986856
25986888
25986920
25986925
25986953
25986985
25987017
25987050
25987082
25987114
25987147
25987179
25987211
25987244
25987247
25987276
25987308
25987341
25987373
25987400
25987405
25987438
25987469
25987501
25987534
25987566
25987598
25987631
25987663
25987695
25987727
25987760
25987792
25987824
25987857
25987889
25987891
25987922
25987954
25987987
25988017
25988041
25988050
25988082
25988115
25988147
25988179
25988212
25988216
25988244
25988276
25988309
25988341
25988373
25988378
25988406
25988438
25988470
25988502
25988533
25988534
25988565
25988597
25988628
25988660
25988693
25988700
25988732
25988764
25988799
25988829
25988844
25988862
25988893
25988925
25988957
25988990
25988994
25989022
25989054
25989087
25989119
25989148
25989151
25989183
25989216
25989248
25989279
25989303
25989312
25989344
25989377
25989409
25989441
25989470
25989474
25989506
25989537
25989569
25989602
25989626
25989634
25989666
25989699
25989731
25989763
25989793
25989796
25989828
25989859
25989892
25989924
25989956
25989989
25990021
25990053
25990086
25990118
25990120
25990150
25990183
25990215
25990248
25990276
25990279
25990310
25990342
25990375
25990407
25990440
25990448
25990472
25990504
25990536
25990569
25990601
25990634
25990666
25990698
25990730
25990762
25990763
25990795
25990827
25990860
25990892
25990917
25990924
25990957
25990989
25991020
25991053
25991077
25991085
25991117
25991150
25991182
25991214
25991246
25991255
25991277
25991310
25991342
25991374
25991401
25991405
25991437
25991469
25991501
25991534
25991567
25991568
25991598
25991631
25991663
25991696
25991728
25991735
25991759
25991792
25991823
25991855
25991887
25991888
25991919
25991951
25991983
25992016
25992048
25992049
25992080
25992113
25992145
25992177
25992210
25992212
25992242
25992274
25992307
25992339
25992371
25992403
25992435
25992467
25992500
25992532
25992563
25992596
25992628
25992660
25992684
25992693
25992725
25992757
25992790
25992822
25992854
25992859
25992887
25992919
25992951
25992984
25993012
25993016
25993048
25993081
25993113
25993145
25993178
25993180
25993210
25993242
25993274
25993307
25993335
25993339
25993372
25993404
25993436
25993466
25993499
25993501
25993531
25993563
25993596
25993628
25993652
25993661
25993693
25993725
25993757
25993789
25993817
25993821
25993854
25993886
25993918
25993951
25993976
25993983
25994015
25994047
25994080
25994111
25994144
25994148
25994176
25994208
25994240
25994273
25994305
25994312
25994338
25994368
25994400
25994432
25994465
25994497
25994529
25994562
25994594
25994621
25994625
25994658
25994690
25994721
25994754
25994786
25994789
25994818
25994851
25994883
25994915
25994948
25994954
25994980
25995012
25995045
25995077
25995103
25995109
25995142
25995174
25995206
25995239
25995271
25995275
25995303
25995335
25995367
25995399
25995431
25995432
25995464
25995497
25995529
25995561
25995593
25995599
25995626
25995658
25995690
25995723
25995755
25995787
25995820
25995852
25995884
25995917
25995921
25995949
25995981
25996014
25996046
25996079
25996080
25996111
25996143
25996175
25996208
25996240
25996250
25996272
25996305
25996337
25996369
25996400
25996432
25996463
25996496
25996528
25996559
25996560
25996593
25996625
25996657
25996690
25996722
25996754
25996787
25996819
25996851
25996884
25996899
25996916
25996948
25996980
25997012
25997043
25997045
25997077
25997109
25997141
25997174
25997206
25997216
25997238
25997270
25997299
25997331
25997364
25997368
25997396
25997428
25997461
25997493
25997526
25997530
25997558
25997590
25997622
25997655
25997680
25997687
25997719
25997751
25997783
25997815
25997848
25997852
25997879
25997911
25997944
25997976
25998004
25998008
25998041
25998073
25998105
25998137
25998169
25998179
25998201
25998233
25998265
25998297
25998330
25998354
25998362
25998394
25998427
25998459
25998491
25998504
25998524
25998556
25998588
25998621
25998653
25998666
25998685
25998718
25998750
25998782
25998812
25998815
25998847
25998879
25998912
25998944
25998976
25998990
25999009
25999041
25999073
25999106
25999138
25999148
25999170
25999203
25999235
25999266
25999299
25999308
25999331
25999363
25999396
25999428
25999460
25999462
25999493
25999525
25999557
25999589
25999620
25999626
25999651
25999682
25999714
25999745
25999777
25999781
25999810
25999842
25999875
25999907
25999936
25999938
25999971
26000002
26000034
26000067
26000096
26000099
26000131
26000163
26000196
26000228
26000260
26000271
26000293
26000325
26000357
26000389
26000421
26000443
26000453
26000486
26000517
26000549
26000578
26000582
26000613
26000645
26000678
26000710
26000740
26000742
26000775
26000807
26000839
26000872
26000905
26000913
26000936
26000969
26001001
26001033
26001066
26001068
26001098
26001130
26001163
26001195
26001227
26001230
26001260
26001292
26001324
26001357
26001389
26001407
26001421
26001454
26001486
26001518
26001544
26001551
26001583
26001615
26001648
26001680
26001712
26001722
26001745
26001778
26001809
26001842
26001874
26001893
26001906
26001939
26001971
26002003
26002033
26002036
26002068
26002100
26002133
26002165
26002194
26002197
26002230
26002262
26002295
26002327
26002359
26002368
26002391
26002424
26002456
26002488
26002521
26002526
26002552
26002583
26002616
26002648
26002680
26002687
26002713
26002745
26002777
26002810
26002842
26002850
26002874
26002907
26002939
26002971
26003000
26003004
26003036
26003068
26003101
26003133
26003163
26003165
26003198
26003230
26003262
26003295
26003327
26003328
26003359
26003392
26003424
26003456
26003489
26003499
26003521
26003553
26003586
26003618
26003647
26003650
26003683
26003715
26003747
26003780
26003806
26003812
26003844
26003877
26003909
26003941
26003974
26003985
26004005
26004037
26004070
26004102
26004134
26004154
26004167
26004198
26004229
26004262
26004294
26004296
26004326
26004358
26004390
26004422
26004450
26004455
26004486
26004518
26004551
26004583
26004615
26004620
26004648
26004678
26004710
26004743
26004772
26004775
26004808
26004840
26004872
26004905
26004937
26004944
26004970
26005002
26005034
26005066
26005095
26005098
26005131
26005163
26005195
26005228
26005260
26005266
26005292
26005325
26005357
26005389
26005421
26005432
26005453
26005486
26005518
26005549
26005581
26005588
26005614
26005646
26005678
26005710
26005740
26005743
26005776
26005808
26005840
26005872
26005905
26005918
26005937
26005969
26006002
26006034
26006065
26006066
26006099
26006131
26006163
26006196
26006228
26006237
26006260
26006292
26006325
26006357
26006389
26006406
26006421
26006453
26006485
26006518
26006550
26006562
26006582
26006615
26006647
26006679
26006712
26006720
26006744
26006776
26006809
26006841
26006874
26006886
26006906
26006938
26006970
26007003
26007035
26007038
26007068
26007100
26007131
26007164
26007196
26007199
26007228
26007260
26007293
26007325
26007357
26007384
26007389
26007422
26007454
26007487
26007519
26007551
26007555
26007583
26007616
26007648
26007680
26007684
26007713
26007745
26007777
26007808
26007837
26007840
26007873
26007905
26007937
26007970
26008002
26008004
26008034
26008066
26008098
26008130
26008161
26008163
26008195
26008227
26008260
26008291
26008322
26008350
26008355
26008387
26008419
26008451
26008484
26008485
26008516
26008549
26008581
26008613
26008646
26008655
26008678
26008710
26008743
26008775
26008807
26008818
26008839
26008872
26008903
26008935
26008968
26008984
26009000
26009033
26009064
26009096
26009128
26009160
26009192
26009225
26009257
26009284
26009289
26009322
26009354
26009386
26009418
26009450
26009458
26009482
26009514
26009547
26009579
26009612
26009624
26009644
26009676
26009708
26009741
26009773
26009805
26009838
26009868
26009900
26009928
26009933
26009965
26009997
26010030
26010062
26010091
26010094
26010126
26010159
26010191
26010223
26010251
26010255
26010287
26010320
26010352
26010384
26010417
26010431
26010449
26010481
26010514
26010545
26010577
26010596
26010610
26010642
26010674
26010707
26010739
26010747
26010770
26010802
26010834
26010866
26010898
26010917
26010931
26010963
26010996
26011028
26011060
26011093
26011095
26011125
26011157
26011189
26011222
26011251
26011254
26011287
26011319
26011351
26011383
26011387
26011416
26011447
26011480
26011512
26011544
26011549
26011577
26011609
26011640
26011671
26011704
26011709
26011736
26011768
26011799
26011832
26011862
26011863
26011896
26011928
26011960
26011993
26012025
26012026
26012057
26012090
26012122
26012154
26012188
26012216
26012218
26012250
26012282
26012314
26012346
26012348
26012379
26012411
26012443
26012476
26012504
26012508
26012540
26012573
26012605
26012636
26012669
26012701
26012733
26012765
26012797
26012824
26012829
26012861
26012893
26012924
26012957
26012981
26012989
26013021
26013054
26013085
26013117
26013148
26013149
26013182
26013213
26013245
26013277
26013309
26013315
26013342
26013374
26013406
26013439
26013469
26013471
26013502
26013535
26013567
26013599
26013631
26013635
26013664
26013695
26013727
26013758
26013790
26013791
26013822
26013855
26013887
26013920
26013950
26013952
26013984
26014017
26014049
26014081
26014114
26014121
26014146
26014177
26014209
26014241
26014269
26014272
26014305
26014337
26014369
26014402
26014434
26014437
26014466
26014498
26014530
26014562
26014594
26014598
26014625
26014657
26014690
26014721
26014753
26014757
26014786
26014818
26014850
26014883
26014909
26014915
26014947
26014980
26015012
26015043
26015075
26015082
26015107
26015139
26015172
26015204
26015236
26015269
26015301
26015333
26015366
26015398
26015401
26015430
26015462
26015494
26015525
26015553
26015558
26015590
26015622
26015655
26015687
26015716
26015719
26015750
26015783
26015815
26015847
26015880
26015885
26015912
26015944
26015976
26016007
26016035
26016040
26016072
26016104
26016136
26016169
26016201
26016205
26016233
26016266
26016298
26016330
26016363
26016368
26016395
26016427
26016460
26016492
26016524
26016544
26016557
26016589
26016621
26016653
26016685
26016688
26016716
26016749
26016781
26016813
26016846
26016851
26016877
26016909
26016942
26016974
26017006
26017009
26017039
26017071
26017103
26017136
26017168
26017174
26017200
26017233
26017265
26017297
26017330
26017343
26017362
26017394
26017426
26017458
26017490
26017491
26017523
26017554
26017586
26017619
26017651
26017663
26017683
26017716
26017748
26017780
26017812
26017837
26017844
26017876
26017909
26017940
26017972
26017986
26018005
26018037
26018069
26018102
26018134
26018139
26018166
26018199
26018231
26018263
26018296
26018312
26018328
26018361
26018393
26018425
26018457
26018471
26018490
26018522
26018554
26018586
26018618
26018624
26018650
26018683
26018715
26018747
26018780
26018795
26018812
26018844
26018877
26018909
26018941
26018956
26018974
26019006
26019038
26019071
26019103
26019122
26019135
26019168
26019200
26019233
26019265
26019282
26019297
26019330
26019362
26019394
26019426
26019431
26019459
26019493
26019523
26019556
26019588
26019597
26019620
26019653
26019685
26019717
26019744
26019749
26019781
26019813
26019846
26019877
26019909
26019928
26019942
26019975
26020005
26020038
26020070
26020102
26020135
26020167
26020199
26020232
26020240
26020263
26020294
26020327
26020359
26020391
26020423
26020455
26020487
26020520
26020549
26020552
26020584
26020617
26020649
26020681
26020713
26020714
26020746
26020778
26020811
26020843
26020875
26020877
26020908
26020940
26020972
26021005
26021031
26021037
26021069
26021101
26021134
26021166
26021199
26021231
26021263
26021294
26021326
26021358
26021361
26021390
26021422
26021454
26021487
26021519
26021520
26021550
26021583
26021615
26021647
26021680
26021683
26021712
26021744
26021777
26021808
26021840
26021844
26021873
26021905
26021937
26021970
26022002
26022034
26022067
26022098
26022129
26022160
26022162
26022194
26022225
26022257
26022289
26022318
26022321
26022354
26022386
26022418
26022450
26022479
26022483
26022515
26022548
26022580
26022612
26022645
26022651
26022677
26022708
26022742
26022773
26022805
26022808
26022837
26022868
26022900
26022932
26022963
26022965
26022997
26023029
26023062
26023094
26023126
26023127
26023158
26023190
26023222
26023253
26023285
26023286
26023318
26023349
26023382
26023414
26023445
26023446
26023479
26023511
26023543
26023576
26023608
26023612
26023640
26023673
26023705
26023736
26023763
26023769
26023801
26023833
26023865
26023897
26023929
26023962
26023993
26024025
26024058
26024086
26024089
26024120
26024154
26024185
26024217
26024250
26024256
26024281
26024313
26024346
26024378
26024409
26024411
26024443
26024475
26024507
26024540
26024572
26024604
26024636
26024669
26024701
26024728
26024734
26024767
26024798
26024831
26024863
26024895
26024926
26024941
26024959
26024991
26025023
26025055
26025087
26025100
26025120
26025152
26025183
26025216
26025233
26025248
26025280
26025313
26025345
26025376
26025408
26025419
26025441
26025470
26025502
26025534
26025566
26025584
26025599
26025631
26025662
26025693
26025725
26025757
26025790
26025798
26025822
26025854
26025882
26025888
26025919
26025949
26025982
26026014
26026046
26026079
26026089
26026111
26026143
26026176
26026208
26026238
26026271
26026303
26026335
26026368
26026400
26026404
26026432
26026464
26026497
26026529
26026560
26026562
26026592
26026624
26026657
26026688
26026720
26026753
26026785
26026816
26026827
26026849
26026881
26026892
26026912
26026945
26026977
26027009
26027042
26027074
26027104
26027137
26027169
26027186
26027201
26027215
26027234
26027266
26027298
26027324
26027330
26027362
26027394
26027426
26027457
26027489
26027496
26027522
26027554
26027586
26027618
26027650
26027682
26027714
26027746
26027747
26027778
26027811
26027842
26027874
26027906
26027938
26027970
26027977
26028003
26028009
26028034
26028065
26028097
26028128
26028129
26028161
26028192
26028225
26028258
26028289
26028304
26028322
26028354
26028386
26028419
26028446
26028451
26028481
26028513
26028544
26028576
26028609
26028641
26028673
26028706
26028738
26028751
26028770
26028784
26028802
26028833
26028865
26028898
26028930
26028937
26028962
26028995
26029027
26029059
26029091
26029096
26029124
26029156
26029189
26029222
26029248
26029253
26029285
26029317
26029349
26029382
26029400
26029414
26029446
26029478
26029509
26029541
26029572
26029605
26029637
26029669
26029702
26029734
26029740
26029766
26029774
26029799
26029831
26029863
26029895
26029903
26029927
26029959
26029992
26030023
26030055
26030087
26030119
26030151
26030184
26030188
26030201
26030216
26030247
26030280
26030312
26030344
26030375
26030383
26030407
26030439
26030472
26030504
26030523
26030536
26030569
26030601
26030634
26030665
26030696
26030702
26030729
26030760
26030792
26030824
26030857
26030867
26030889
26030920
26030952
26030984
26031017
26031021
26031049
26031081
26031113
26031146
26031163
26031177
26031208
26031241
26031272
26031304
26031336
26031343
26031368
26031400
26031432
26031465
26031497
26031529
26031562
26031564
26031594
26031626
26031658
26031690
26031721
26031754
26031775
26031785
26031817
26031850
26031881
26031892
26031913
26031946
26031978
26031987
26032010
26032043
26032075
26032106
26032135
26032137
26032169
26032199
26032232
26032264
26032296
26032329
26032346
26032361
26032393
26032426
26032452
26032458
26032491
26032523
26032555
26032587
26032620
26032625
26032652
26032683
26032716
26032748
26032780
26032789
26032813
26032844
26032876
26032909
26032941
26032973
26033005
26033038
26033061
26033070
26033103
26033109
26033135
26033167
26033200
26033232
26033264
26033265
26033297
26033329
26033361
26033394
26033420
26033426
26033458
26033490
26033523
26033555
26033587
26033619
26033651
26033683
26033717
26033746
26033758
26033778
26033811
26033842
26033874
26033904
26033906
26033926
26033938
26033970
26034003
26034035
26034067
26034073
26034099
26034131
26034162
26034193
26034225
26034230
26034257
26034290
26034322
26034354
26034387
26034419
26034450
26034465
26034483
26034513
26034544
26034554
26034577
26034608
26034640
26034673
26034699
26034705
26034737
26034769
26034801
26034833
26034865
26034898
26034930
26034962
26034972
26034995
26035027
26035046
26035059
26035092
26035124
26035156
26035189
26035221
26035253
26035286
26035291
26035318
26035350
26035383
26035414
26035415
26035447
26035479
26035512
26035544
26035577
26035609
26035614
26035641
26035672
26035690
26035704
26035736
26035767
26035800
26035832
26035865
26035896
26035928
26035957
26035961
26035993
26036025
26036029
26036058
26036089
26036121
26036154
26036173
26036186
26036217
26036249
26036281
26036313
26036320
26036345
26036378
26036410
26036441
26036474
26036506
26036539
26036571
26036603
26036612
26036636
26036659
26036668
26036700
26036732
26036765
26036797
26036815
26036830
26036862
26036893
26036926
26036957
26036988
26037004
26037021
26037053
26037085
26037118
26037150
26037159
26037181
26037214
26037246
26037278
26037300
26037311
26037343
26037374
26037407
26037437
26037469
26037501
26037534
26037566
26037599
26037602
26037620
26037631
26037662
26037694
26037727
26037759
26037787
26037791
26037824
26037856
26037889
26037921
26037933
26037953
26037986
26038018
26038050
26038082
26038114
26038146
26038176
26038177
26038210
26038242
26038265
26038275
26038307
26038339
26038372
26038403
26038422
26038434
26038466
26038498
26038530
26038563
26038565
26038595
26038627
26038659
26038692
26038718
26038724
26038757
26038789
26038821
26038854
26038885
26038917
26038949
26038980
26039011
26039024
26039043
26039075
26039085
26039107
26039140
26039172
26039204
26039236
26039252
26039269
26039301
26039334
26039366
26039397
26039430
26039462
26039494
26039526
26039537
26039558
26039590
26039622
26039654
26039686
26039709
26039719
26039751
26039774
26039783
26039816
26039847
26039879
26039912
26039943
26039974
26039984
26040007
26040019
26040039
26040070
26040103
26040134
26040166
26040199
26040231
26040239
26040262
26040295
26040327
26040359
26040391
26040397
26040422
26040453
26040486
26040511
26040518
26040550
26040583
26040615
26040647
26040670
26040680
26040712
26040746
26040777
26040809
26040841
26040874
26040885
26040907
26040938
26040970
26040978
26041002
26041034
26041066
26041099
26041131
26041139
26041164
26041196
26041227
26041260
26041290
26041301
26041321
26041353
26041385
26041416
26041447
26041448
26041480
26041511
26041542
26041574
26041606
26041636
26041639
26041671
26041703
26041737
26041768
26041799
26041832
26041863
26041894
26041927
26041959
26041991
26042024
26042056
26042084
26042088
26042121
26042153
26042184
26042216
26042249
26042281
26042314
26042346
26042378
26042408
26042411
26042442
26042474
26042507
26042539
26042571
26042572
26042603
26042636
26042667
26042699
26042731
26042733
26042763
26042795
26042828
26042860
26042893
26042903
26042925
26042957
26042989
26043021
26043054
26043084
26043117
26043149
26043171
26043181
26043213
26043228
26043244
26043276
26043309
26043341
26043373
26043407
26043439
26043457
26043471
26043503
26043534
26043550
26043566
26043599
26043631
26043663
26043696
26043706
26043728
26043760
26043793
26043825
26043856
26043858
26043889
26043921
26043953
26043986
26044018
26044050
26044082
26044114
26044134
26044145
26044177
26044179
26044208
26044240
26044272
26044304
26044336
26044369
26044401
26044404
26044434
26044466
26044498
26044503
26044529
26044562
26044594
26044626
26044659
26044691
26044705
26044723
26044756
26044787
26044797
26044823
26044829
26044861
26044893
26044925
26044957
26044969
26044989
26045020
26045052
26045084
26045116
26045122
26045147
26045179
26045211
26045243
26045274
26045307
26045339
26045369
26045401
26045429
26045433
26045464
26045496
26045513
26045527
26045560
26045592
26045593
26045623
26045655
26045684
26045716
26045748
26045755
26045781
26045811
26045843
26045875
26045913
26045922
26045939
26045957
26045969
26046001
26046050
26046051
26046167
26046191
26046222
26046254
26046286
26046293
26046318
26046349
26046381
26046413
26046445
26046476
26046508
26046539
26046569
26046601
26046633
26046666
26046695
26046706
26046726
26046757
26046789
26046821
26046840
26046852
26046884
26046916
26046948
26046979
26047011
26047033
26047042
26047075
26047106
26047138
26047170
26047202
26047220
26047233
26047265
26047297
26047329
26047360
26047378
26047392
26047424
26047456
26047487
26047520
26047521
26047551
26047582
26047613
26047645
26047678
26047693
26047710
26047742
26047774
26047806
26047838
26047868
26047880
26047899
26047930
26047964
26047994
26048026
26048059
26048090
26048117
26048122
26048154
26048170
26048185
26048216
26048248
26048280
26048312
26048344
26048375
26048402
26048407
26048440
26048470
26048502
26048534
26048566
26048584
26048597
26048629
26048661
26048693
26048725
26048756
26048788
26048796
26048820
26048836
26048851
26048883
26048914
26048946
26048979
26049011
26049026
26049043
26049074
26049106
26049138
26049170
26049203
26049228
26049235
26049267
26049277
26049298
26049330
26049362
26049394
26049426
26049458
26049489
26049522
26049553
26049559
26049585
26049617
26049650
26049680
26049697
26049712
26049744
26049766
26049776
26049808
26049840
26049870
26049902
26049934
26049953
26049966
26049998
26050030
26050062
26050092
26050124
26050155
26050156
26050188
26050218
26050250
26050282
26050314
26050346
26050363
26050377
26050409
26050441
26050473
26050480
26050505
26050537
26050565
26050569
26050601
26050631
26050663
26050695
26050697
26050727
26050759
26050789
26050821
26050853
26050854
26050885
26050916
26050948
26050980
26051011
26051043
26051044
26051075
26051107
26051139
26051170
26051171
26051203
26051235
26051267
26051299
26051330
26051363
26051394
26051410
26051425
26051457
26051488
26051517
26051520
26051552
26051584
26051616
26051648
26051676
26051680
26051712
26051744
26051776
26051807
26051839
26051871
26051902
26051934
26051939
26051966
26051997
26052028
26052060
26052091
26052124
26052147
26052155
26052187
26052218
26052251
26052283
26052313
26052315
26052342
26052347
26052378
26052410
26052442
26052473
26052506
26052538
26052565
26052570
26052601
26052633
26052664
26052695
26052727
26052747
26052760
26052774
26052791
26052823
26052855
26052887
26052919
26052951
26052983
26053015
26053047
26053068
26053079
26053095
26053111
26053143
26053174
26053206
26053238
26053268
26053300
26053332
26053364
26053379
26053396
26053428
26053460
26053492
26053523
26053556
26053588
26053616
26053620
26053652
26053683
26053715
26053748
26053778
26053806
26053810
26053842
26053874
26053890
26053906
26053938
26053970
26054002
26054034
26054051
26054066
26054098
26054130
26054162
26054194
26054210
26054226
26054259
26054289
26054321
26054353
26054385
26054417
26054448
26054480
26054482
26054512
26054528
26054544
26054576
26054608
26054639
26054672
26054704
26054714
26054736
26054768
26054801
26054832
26054864
26054870
26054895
26054927
26054959
26054990
26054991
26055021
26055054
26055086
26055117
26055148
26055168
26055180
26055211
26055243
26055275
26055305
26055327
26055338
26055369
26055401
26055432
26055463
26055479
26055496
26055528
26055560
26055592
26055623
26055647
26055655
26055687
26055717
26055749
26055781
26055813
26055846
26055867
26055876
26055908
26055940
26055972
26056004
26056021
26056036
26056067
26056099
26056124
26056131
26056164
26056196
26056228
26056258
26056291
26056320
26056323
26056355
26056387
26056418
26056445
26056451
26056482
26056515
26056546
26056578
26056610
26056642
26056656
26056673
26056706
26056738
26056769
26056791
26056802
26056834
26056866
26056896
26056929
26056961
26056965
26056994
26057026
26057058
26057087
26057102
26057119
26057151
26057183
26057215
26057246
26057274
26057278
26057311
26057343
26057375
26057407
26057423
26057439
26057471
26057503
26057534
26057566
26057585
26057596
26057628
26057660
26057692
26057724
26057756
26057788
26057820
26057852
26057862
26057883
26057916
26057947
26057977
26057978
26058010
26058042
26058072
26058074
26058106
26058137
26058169
26058201
26058233
26058241
26058264
26058296
26058328
26058360
26058393
26058424
26058455
26058487
26058501
26058518
26058550
26058554
26058582
26058613
26058646
26058678
26058710
26058743
26058773
26058806
26058838
26058870
26058902
26058923
26058934
26058966
26058997
26059025
26059029
26059060
26059093
26059124
26059156
26059158
26059188
26059220
26059252
26059284
26059315
26059348
26059368
26059380
26059412
26059444
26059476
26059508
26059539
26059571
26059603
26059634
26059667
26059673
26059699
26059731
26059763
26059795
26059822
26059827
26059859
26059891
26059922
26059953
26059969
26059984
26060017
26060048
26060079
26060111
26060142
26060175
26060207
26060237
26060239
26060271
26060303
26060335
26060367
26060370
26060399
26060432
26060464
26060496
26060525
26060527
26060558
26060590
26060621
26060654
26060685
26060692
26060715
26060748
26060780
26060787
26060811
26060843
26060875
26060907
26060929
26060939
26060971
26061003
26061034
26061035
26061065
26061098
26061130
26061162
26061192
26061220
26061225
26061257
26061288
26061319
26061350
26061352
26061384
26061416
26061448
26061481
26061507
26061513
26061544
26061576
26061608
26061640
26061666
26061672
26061703
26061734
26061767
26061799
26061829
26061831
26061863
26061895
26061926
26061957
26061990
26062021
26062053
26062085
26062117
26062130
26062150
26062181
26062213
26062224
26062245
26062276
26062307
26062340
26062368
26062372
26062403
26062434
26062467
26062499
26062530
26062562
26062594
26062626
26062659
26062688
26062708
26062720
26062753
26062784
26062795
26062816
26062848
26062880
26062913
26062945
26062977
26063010
26063042
26063074
26063107
26063138
26063149
26063167
26063199
26063231
26063263
26063295
26063298
26063327
26063360
26063390
26063423
26063437
26063454
26063487
26063519
26063551
26063583
26063615
26063645
26063647
26063678
26063711
26063742
26063756
26063774
26063806
26063839
26063871
26063903
26063935
26063967
26063989
26063998
26064030
26064061
26064077
26064092
26064124
26064156
26064187
26064218
26064220
26064252
26064284
26064316
26064349
26064381
26064394
26064411
26064442
26064475
26064507
26064537
26064557
26064569
26064600
26064633
26064665
26064697
26064716
26064729
26064761
26064792
26064825
26064857
26064871
26064889
26064922
26064954
26064985
26065016
26065048
26065080
26065110
26065138
26065142
26065174
26065207
26065211
26065239
26065271
26065303
26065335
26065351
26065367
26065399
26065430
26065462
26065494
26065513
26065526
26065558
26065590
26065622
26065654
26065674
26065685
26065718
26065750
26065781
26065813
26065834
26065845
26065875
26065908
26065939
26065970
26065989
26066001
26066034
26066065
26066098
26066130
26066143
26066162
26066195
26066227
26066259
26066290
26066306
26066322
26066354
26066386
26066417
26066449
26066466
26066481
26066512
26066544
26066576
26066608
26066640
26066645
26066672
26066704
26066737
26066769
26066787
26066801
26066834
26066866
26066896
26066928
26066960
26066992
26067024
26067050
26067056
26067087
26067119
26067152
26067154
26067183
26067214
26067246
26067263
26067278
26067310
26067343
26067375
26067405
26067438
26067469
26067501
26067532
26067558
26067564
26067596
26067628
26067661
26067676
26067692
26067724
26067755
26067786
26067818
26067851
26067853
26067881
26067914
26067936
26067946
26067978
26068011
26068043
26068061
26068074
26068106
26068138
26068170
26068202
26068216
26068233
26068265
26068297
26068328
26068358
26068386
26068391
26068422
26068455
26068487
26068519
26068551
26068561
26068583
26068615
26068648
26068678
26068687
26068710
26068743
26068775
26068806
26068838
26068870
26068902
26068906
26068934
26068966
26068998
26069009
26069030
26069061
26069092
26069124
26069156
26069161
26069189
26069221
26069252
26069283
26069316
26069338
26069346
26069378
26069410
26069442
26069474
26069499
26069506
26069538
26069569
26069602
26069633
26069665
26069695
26069717
26069727
26069759
26069791
26069823
26069855
26069869
26069887
26069919
26069951
26069962
26069983
26070015
26070047
26070078
26070109
26070141
26070173
26070205
26070214
26070237
26070268
26070299
26070331
26070362
26070393
26070398
26070425
26070456
26070489
26070496
26070521
26070552
26070585
26070606
26070617
26070647
26070679
26070710
26070742
26070774
26070793
26070806
26070837
26070869
26070901
26070933
26070935
26070964
26070997
26071029
26071060
26071071
26071090
26071121
26071152
26071184
26071216
26071240
26071247
26071280
26071312
26071343
26071373
26071405
26071437
26071456
26071469
26071499
26071531
26071560
26071563
26071595
26071626
26071658
26071690
26071701
26071722
26071754
26071786
26071818
26071850
26071874
26071882
26071914
26071946
26071978
26072010
26072022
26072042
26072073
26072105
26072137
26072169
26072188
26072201
26072231
26072264
26072296
26072330
26072359
26072391
26072422
26072454
26072486
26072512
26072517
26072550
26072582
26072614
26072647
26072679
26072710
26072742
26072774
26072777
26072806
26072837
26072869
26072889
26072901
26072934
26072965
26072996
26072997
26073029
26073061
26073093
26073125
26073157
26073189
26073211
26073220
26073253
26073285
26073317
26073350
26073382
26073414
26073443
26073452
26073475
26073507
26073539
26073572
26073597
26073604
26073635
26073667
26073699
26073730
26073750
26073763
26073795
26073827
26073859
26073890
26073891
26073923
26073954
26073987
26074014
26074018
26074051
26074083
26074114
26074115
26074147
26074179
26074211
26074243
26074257
26074275
26074307
26074339
26074371
26074402
26074413
26074435
26074467
26074499
26074531
26074563
26074594
26074627
26074659
26074678
26074690
26074722
26074723
26074754
26074786
26074818
26074850
26074882
26074914
26074947
26074979
26075010
26075042
26075074
26075091
26075106
26075138
26075170
26075203
26075235
26075241
26075267
26075300
26075330
26075362
26075392
26075424
26075446
26075456
26075487
26075520
26075551
26075583
26075615
26075647
26075679
26075682
26075711
26075743
26075775
26075807
26075839
26075871
26075903
26075920
26075935
26075967
26075999
26076031
26076063
26076095
26076127
26076131
26076159
26076191
26076223
26076255
26076287
26076318
26076348
26076350
26076376
26076382
26076402
26076415
26076424
26076444
26076447
26076479
26076511
26076541
26076572
26076604
26076636
26076668
26076700
26076732
26076763
26076795
26076827
26076859
26076865
26076891
26076923
26076955
26076985
26077017
26077050
26077081
26077086
26077115
26077119
26077145
26077154
26077177
26077209
26077242
26077271
26077304
26077334
26077368
26077399
26077409
26077429
26077462
26077493
26077526
26077558
26077560
26077590
26077622
26077654
26077686
26077718
26077719
26077750
26077782
26077814
26077846
26077877
26077878
26077910
26077941
26077974
26078006
26078037
26078038
26078071
26078101
26078133
26078165
26078194
26078197
26078229
26078261
26078293
26078325
26078357
26078359
26078388
26078419
26078450
26078482
26078510
26078514
26078546
26078577
26078608
26078641
26078673
26078683
26078705
26078736
26078768
26078800
26078830
26078832
26078864
26078896
26078927
26078960
26078992
26078998
26079023
26079056
26079088
26079120
26079147
26079152
26079183
26079216
26079248
26079280
26079311
26079312
26079344
26079376
26079407
26079439
26079471
26079477
26079503
26079534
26079566
26079598
26079630
26079631
26079661
26079693
26079726
26079758
26079788
26079790
26079822
26079854
26079885
26079915
26079948
26079979
26080012
26080043
26080076
26080104
26080107
26080139
26080171
26080203
26080234
26080264
26080267
26080299
26080331
26080362
26080394
26080426
26080427
26080457
26080489
26080521
26080553
26080584
26080585
26080616
26080648
26080680
26080713
26080745
26080749
26080783
26080815
26080848
26080880
26080905
26080937
26080938
26080969
26081001
26081033
26081064
26081090
26081097
26081129
26081161
26081193
26081223
26081251
26081254
26081287
26081319
26081351
26081383
26081410
26081415
26081447
26081479
26081511
26081544
26081569
26081575
26081605
26081637
26081669
26081701
26081732
26081763
26081768
26081796
26081828
26081860
26081892
26081924
26081940
26081956
26081988
26082020
26082052
26082076
26082084
26082116
26082148
26082180
26082210
26082212
26082244
26082275
26082307
26082338
26082370
26082402
26082434
26082465
26082498
26082522
26082529
26082561
26082592
26082624
26082656
26082682
26082688
26082720
26082752
26082784
26082816
26082844
26082848
26082880
26082912
26082943
26082976
26083008
26083028
26083039
26083072
26083104
26083135
26083155
26083167
26083199
26083231
26083263
26083295
26083326
26083338
26083359
26083391
26083423
26083455
26083486
26083489
26083519
26083551
26083583
26083615
26083641
26083647
26083679
26083711
26083743
26083774
26083807
26083839
26083856
26083871
26083903
26083935
26083967
26083997
26084020
26084030
26084062
26084094
26084126
26084127
26084158
26084190
26084222
26084254
26084287
26084319
26084349
26084351
26084381
26084412
26084444
26084460
26084475
26084507
26084539
26084571
26084593
26084602
26084634
26084666
26084697
26084729
26084759
26084761
26084793
26084824
26084857
26084889
26084907
26084919
26084952
26084984
26085016
26085048
26085069
26085080
26085112
26085144
26085175
26085208
26085241
26085252
26085271
26085304
26085335
26085367
26085399
26085406
26085431
26085463
26085496
26085528
26085559
26085564
26085591
26085622
26085655
26085687
26085719
26085725
26085750
26085782
26085813
26085845
26085868
26085878
26085909
26085940
26085973
26086005
26086027
26086037
26086068
26086101
26086133
26086165
26086187
26086195
26086228
26086260
26086292
26086325
26086357
26086362
26086388
26086420
26086452
26086485
26086510
26086517
26086549
26086581
26086612
26086644
26086670
26086674
26086705
26086737
26086770
26086802
26086828
26086833
26086866
26086898
26086930
26086962
26086994
26087020
26087025
26087057
26087089
26087121
26087152
26087167
26087185
26087217
26087248
26087281
26087312
26087322
26087344
26087376
26087408
26087440
26087463
26087471
26087503
26087535
26087567
26087600
26087624
26087630
26087663
26087695
26087727
26087759
26087778
26087791
26087824
26087856
26087887
26087920
26087940
26087951
26087983
26088016
26088045
26088077
26088109
26088113
26088141
26088173
26088204
26088237
26088260
26088269
26088300
26088333
26088364
26088396
26088423
26088427
26088459
26088490
26088523
26088555
26088580
26088587
26088619
26088651
26088684
26088715
26088743
26088746
26088779
26088811
26088842
26088874
26088899
26088906
26088938
26088971
26089001
26089034
26089055
26089065
26089096
26089128
26089160
26089191
26089216
26089224
26089256
26089288
26089320
26089352
26089377
26089384
26089416
26089448
26089480
26089512
26089535
26089543
26089573
26089606
26089638
26089670
26089694
26089702
26089734
26089766
26089798
26089830
26089860
26089861
26089893
26089925
26089957
26089989
26090022
26090044
26090054
26090087
26090117
26090149
26090181
26090213
26090217
26090245
26090278
26090309
26090341
26090370
26090373
26090405
26090437
26090469
26090500
26090504
26090533
26090565
26090596
26090628
26090660
26090687
26090692
26090724
26090755
26090788
26090819
26090851
26090852
26090883
26090915
26090947
26090977
26090987
26091010
26091042
26091073
26091106
26091131
26091137
26091169
26091202
26091233
26091264
26091295
26091312
26091328
26091359
26091391
26091422
26091455
26091487
26091492
26091519
26091551
26091583
26091606
26091615
26091647
26091679
26091710
26091743
26091770
26091775
26091807
26091838
26091870
26091902
26091934
26091956
26091966
26091998
26092029
26092062
26092094
26092104
26092126
26092158
26092189
26092221
26092245
26092253
26092285
26092317
26092348
26092379
26092409
26092412
26092444
26092476
26092507
26092539
26092570
26092603
26092609
26092635
26092667
26092698
26092730
26092732
26092761
26092794
26092825
26092858
26092887
26092890
26092922
26092953
26092986
26093018
26093042
26093050
26093081
26093113
26093145
26093177
26093200
26093208
26093239
26093272
26093304
26093336
26093368
26093376
26093399
26093429
26093460
26093492
26093524
26093550
26093556
26093588
26093620
26093651
26093684
26093699
26093716
26093748
26093780
26093812
26093844
26093867
26093876
26093906
26093939
26093971
26094001
26094003
26094035
26094068
26094100
26094133
26094163
26094175
26094195
26094227
26094259
26094291
26094322
26094355
26094366
26094387
26094419
26094451
26094483
26094515
26094528
26094547
26094579
26094611
26094643
26094675
26094680
26094708
26094740
26094772
26094803
26094835
26094842
26094867
26094898
26094931
26094961
26094994
26095026
26095058
26095090
26095122
26095154
26095185
26095186
26095218
26095249
26095281
26095291
26095313
26095320
26095344
26095376
26095408
26095426
26095440
26095472
26095504
26095536
26095568
26095590
26095600
26095632
26095663
26095696
26095728
26095754
26095760
26095792
26095824
26095856
26095889
26095921
26095936
26095953
26095986
26096018
26096048
26096079
26096092
26096111
26096143
26096174
26096208
26096239
26096254
26096271
26096303
26096335
26096366
26096398
26096401
26096430
26096462
26096492
26096525
26096555
26096567
26096587
26096620
26096652
26096684
26096715
26096728
26096748
26096780
26096812
26096843
26096876
26096890
26096907
26096940
26096972
26097004
26097036
26097068
26097098
26097130
26097162
26097167
26097194
26097217
26097227
26097259
26097290
26097322
26097344
26097354
26097386
26097416
26097449
26097480
26097505
26097512
26097543
26097576
26097608
26097640
26097665
26097672
26097704
26097735
26097765
26097798
26097826
26097830
26097862
26097894
26097927
26097959
26097985
26097991
26098021
26098054
26098086
26098118
26098145
26098149
26098181
26098212
26098244
26098275
26098298
26098307
26098339
26098371
26098403
26098435
26098463
26098467
26098499
26098532
26098563
26098595
26098618
26098628
26098660
26098692
26098725
26098753
26098785
26098817
26098849
26098882
26098912
26098936
26098945
26098978
26099009
26099041
26099073
26099105
26099106
26099137
26099169
26099200
26099232
26099264
26099273
26099296
26099328
26099360
26099392
26099424
26099426
26099456
26099488
26099520
26099552
26099583
26099610
26099615
26099646
26099679
26099711
26099743
26099747
26099774
26099807
26099838
26099870
26099902
26099911
26099934
26099966
26099998
26100030
26100062
26100078
26100093
26100126
26100158
26100189
26100221
26100253
26100285
26100316
26100348
26100380
26100412
26100444
26100476
26100508
26100540
26100572
26100604
26100636
26100668
26100700
26100716
26100732
26100764
26100796
26100828
26100859
26100880
26100892
26100924
26100956
26100988
26101013
26101019
26101051
26101083
26101115
26101147
26101173
26101179
26101209
26101240
26101273
26101305
26101326
26101337
26101369
26101401
26101433
26101465
26101482
26101496
26101529
26101561
26101593
26101625
26101644
26101658
26101689
26101720
26101757
26101789
26101811
26101821
26101853
26101880
26101912
26101943
26101967
26101975
26102007
26102039
26102071
26102103
26102121
26102135
26102167
26102199
26102231
26102262
26102285
26102294
26102326
26102358
26102390
26102422
26102441
26102455
26102486
26102519
26102550
26102583
26102597
26102613
26102646
26102677
26102710
26102741
26102768
26102773
26102804
26102836
26102868
26102901
26102920
26102932
26102964
26102996
26103028
26103060
26103088
26103092
26103124
26103156
26103188
26103220
26103246
26103251
26103283
26103315
26103347
26103379
26103406
26103411
26103442
26103474
26103506
26103538
26103562
26103570
26103602
26103634
26103666
26103698
26103724
26103730
26103762
26103794
26103825
26103857
26103883
26103888
26103920
26103952
26103984
26104016
26104042
26104048
26104078
26104110
26104142
26104174
26104197
26104206
26104238
26104270
26104302
26104335
26104359
26104365
26104397
26104430
26104461
26104493
26104520
26104525
26104557
26104589
26104621
26104654
26104685
26104703
26104717
26104749
26104778
26104810
26104838
26104843
26104874
26104906
26104938
26104969
26105002
26105010
26105034
26105065
26105097
26105129
26105161
26105170
26105193
26105225
26105257
26105289
26105316
26105320
26105352
26105383
26105415
26105447
26105468
26105479
26105511
26105543
26105575
26105607
26105634
26105639
26105671
26105702
26105733
26105765
26105797
26105800
26105829
26105861
26105893
26105925
26105951
26105956
26105988
26106019
26106051
26106083
26106102
26106115
26106147
26106179
26106211
26106243
26106269
26106275
26106307
26106339
26106371
26106403
26106434
26106435
26106467
26106499
26106530
26106562
26106594
26106605
26106625
26106656
26106688
26106720
26106741
26106752
26106783
26106815
26106847
26106879
26106911
26106943
26106949
26106975
26107007
26107039
26107060
26107071
26107102
26107134
26107166
26107198
26107226
26107230
26107262
26107294
26107326
26107358
26107384
26107390
26107422
26107454
26107485
26107517
26107537
26107549
26107581
26107613
26107645
26107677
26107698
26107710
26107739
26107771
26107803
26107835
26107861
26107868
26107899
26107931
26107963
26107995
26108017
26108027
26108059
26108091
26108123
26108156
26108176
26108187
26108219
26108251
26108283
26108315
26108338
26108347
26108379
26108410
26108442
26108474
26108495
26108504
26108536
26108568
26108600
26108632
26108657
26108664
26108696
26108728
26108760
26108791
26108817
26108823
26108855
26108887
26108919
26108951
26108972
26108983
26109015
26109047
26109079
26109111
26109136
26109143
26109175
26109208
26109239
26109271
26109289
26109303
26109336
26109367
26109400
26109431
26109456
26109464
26109496
26109527
26109560
26109591
26109617
26109623
26109654
26109686
26109719
26109750
26109771
26109782
26109814
26109846
26109878
26109909
26109934
26109941
26109973
26110005
26110038
26110069
26110091
26110101
26110133
26110164
26110196
26110228
26110260
26110264
26110292
26110324
26110356
26110387
26110419
26110424
26110452
26110483
26110515
26110547
26110564
26110580
26110611
26110643
26110675
26110707
26110731
26110739
26110771
26110803
26110835
26110867
26110894
26110898
26110931
26110962
26110994
26111026
26111059
26111066
26111090
26111122
26111154
26111186
26111210
26111218
26111249
26111281
26111313
26111345
26111372
26111378
26111409
26111441
26111474
26111505
26111527
26111537
26111569
26111601
26111633
26111665
26111698
26111704
26111730
26111761
26111793
26111825
26111848
26111857
26111889
26111921
26111952
26111985
26112003
26112017
26112048
26112080
26112112
26112144
26112165
26112176
26112208
26112240
26112272
26112303
26112329
26112335
26112367
26112399
26112430
26112462
26112483
26112494
26112525
26112557
26112589
26112621
26112643
26112653
26112685
26112717
26112749
26112781
26112803
26112813
26112845
26112877
26112909
26112940
26112964
26112972
26113004
26113036
26113068
26113100
26113132
26113163
26113196
26113227
26113259
26113291
26113303
26113323
26113355
26113387
26113419
26113451
26113455
26113483
26113515
26113547
26113579
26113609
26113622
26113641
26113673
26113704
26113736
26113768
26113779
26113800
26113832
26113864
26113896
26113928
26113939
26113960
26113992
26114024
26114056
26114088
26114107
26114120
26114152
26114184
26114216
26114248
26114249
26114280
26114312
26114344
26114376
26114399
26114408
26114440
26114472
26114504
26114536
26114555
26114568
26114600
26114632
26114664
26114696
26114727
26114749
26114759
26114791
26114823
26114855
26114875
26114887
26114919
26114951
26114983
26115016
26115043
26115047
26115079
26115111
26115142
26115174
26115195
26115206
26115238
26115270
26115302
26115334
26115363
26115366
26115398
26115430
26115462
26115494
26115514
26115526
26115557
26115589
26115621
26115653
26115682
26115685
26115717
26115750
26115781
26115813
26115844
26115846
26115876
26115908
26115940
26115972
26116003
26116004
26116036
26116068
26116100
26116132
26116162
26116164
26116196
26116228
26116260
26116292
26116324
26116327
26116356
26116388
26116419
26116451
26116472
26116483
26116515
26116546
26116578
26116610
26116641
26116642
26116674
26116707
26116738
26116770
26116802
26116811
26116834
26116867
26116898
26116930
26116962
26116994
26117025
26117057
26117089
26117122
26117126
26117153
26117186
26117217
26117249
26117267
26117282
26117313
26117346
26117377
26117409
26117434
26117441
26117473
26117505
26117537
26117569
26117597
26117601
26117633
26117663
26117695
26117727
26117756
26117759
26117791
26117823
26117854
26117886
26117911
26117918
26117950
26117982
26118014
26118046
26118071
26118078
26118109
26118141
26118173
26118206
26118231
26118237
26118269
26118301
26118333
26118364
26118394
26118396
26118426
26118458
26118490
26118522
26118547
26118554
26118587
26118618
26118650
26118682
26118704
26118714
26118746
26118778
26118811
26118842
26118865
26118874
26118906
26118938
26118970
26119002
26119029
26119034
26119066
26119098
26119130
26119162
26119194
26119196
26119226
26119258
26119290
26119321
26119353
26119364
26119385
26119417
26119449
26119481
26119513
26119525
26119545
26119577
26119609
26119641
26119673
26119688
26119705
26119737
26119769
26119801
26119833
26119865
26119871
26119897
26119929
26119962
26119993
26119995
26120025
26120058
26120088
26120120
26120152
26120154
26120185
26120216
26120248
26120279
26120304
26120311
26120343
26120375
26120407
26120439
26120471
26120472
26120503
26120534
26120566
26120598
26120630
26120636
26120662
26120693
26120725
26120757
26120777
26120789
26120821
26120853
26120885
26120916
26120947
26120948
26120980
26121012
26121044
26121076
26121108
26121141
26121172
26121205
26121236
26121268
26121280
26121300
26121331
26121362
26121394
26121418
26121426
26121458
26121490
26121522
26121554
26121583
26121586
26121618
26121650
26121681
26121713
26121745
26121748
26121777
26121809
26121842
26121874
26121905
26121911
26121937
26121970
26122001
26122033
26122058
26122065
26122097
26122129
26122161
26122193
26122225
26122228
26122257
26122289
26122321
26122353
26122385
26122388
26122417
26122449
26122480
26122512
26122543
26122544
26122576
26122609
26122641
26122672
26122700
26122704
26122737
26122768
26122800
26122832
26122862
26122864
26122896
26122928
26122960
26122992
26123014
26123024
26123056
26123088
26123120
26123152
26123179
26123184
26123216
26123248
26123280
26123312
26123333
26123344
26123376
26123408
26123440
26123472
26123496
26123504
26123536
26123569
26123600
26123632
26123652
26123664
26123696
26123728
26123760
26123791
26123819
26123823
26123855
26123887
26123918
26123950
26123983
26123985
26124014
26124046
26124078
26124110
26124138
26124141
26124173
26124205
26124238
26124269
26124294
26124301
26124334
26124365
26124397
26124428
26124454
26124460
26124492
26124524
26124556
26124588
26124620
26124627
26124651
26124683
26124715
26124747
26124772
26124778
26124811
26124842
26124874
26124906
26124937
26124940
26124969
26125001
26125033
26125066
26125089
26125097
26125129
26125161
26125193
26125225
26125250
26125257
26125288
26125320
26125352
26125384
26125416
26125422
26125448
26125480
26125512
26125544
26125576
26125589
26125615
26125647
26125679
26125711
26125736
26125737
26125768
26125799
26125830
26125862
26125894
26125901
26125927
26125957
26125989
26126021
26126052
26126057
26126084
26126116
26126148
26126179
26126205
26126211
26126243
26126275
26126307
26126339
26126370
26126371
26126401
26126433
26126465
26126497
26126524
26126528
26126560
26126592
26126624
26126656
26126682
26126687
26126719
26126751
26126783
26126815
26126846
26126864
26126878
26126910
26126942
26126974
26127006
26127013
26127038
26127070
26127103
26127134
26127166
26127176
26127198
26127230
26127262
26127294
26127323
26127326
26127358
26127389
26127421
26127453
26127478
26127485
26127517
26127548
26127580
26127612
26127645
26127676
26127692
26127708
26127740
26127772
26127804
26127824
26127836
26127868
26127900
26127932
26127964
26127983
26127996
26128028
26128060
26128092
26128125
26128144
26128157
26128188
26128220
26128252
26128284
26128313
26128315
26128347
26128379
26128411
26128443
26128475
26128478
26128507
26128539
26128572
26128600
26128603
26128635
26128667
26128700
26128731
26128763
26128774
26128795
26128827
26128859
26128891
26128911
26128923
26128955
26128987
26129019
26129051
26129070
26129082
26129114
26129146
26129178
26129210
26129230
26129242
26129274
26129306
26129337
26129369
26129394
26129401
26129432
26129465
26129496
26129528
26129551
26129560
26129592
26129623
26129654
26129686
26129712
26129718
26129750
26129782
26129815
26129846
26129866
26129878
26129910
26129942
26129971
26130003
26130023
26130035
26130067
26130098
26130130
26130162
26130185
26130194
26130225
26130257
26130289
26130321
26130342
26130352
26130384
26130416
26130448
26130480
26130502
26130512
26130544
26130576
26130608
26130640
26130662
26130672
26130704
26130735
26130768
26130799
26130827
26130831
26130863
26130895
26130927
26130959
26130988
26130991
26131023
26131055
26131087
26131119
26131143
26131151
26131183
26131215
26131247
26131279
26131303
26131311
26131343
26131376
26131407
26131439
26131461
26131471
26131503
26131535
26131567
26131599
26131620
26131629
26131661
26131693
26131725
26131757
26131779
26131789
26131821
26131853
26131885
26131917
26131941
26131949
26131981
26132012
26132044
26132076
26132099
26132108
26132139
26132171
26132203
26132235
26132258
26132267
26132299
26132330
26132362
26132394
26132415
26132426
26132457
26132489
26132521
26132551
26132577
26132582
26132615
26132644
26132676
26132707
26132728
26132738
26132770
26132802
26132834
26132866
26132888
26132898
26132930
26132962
26132994
26133026
26133050
26133058
26133090
26133122
26133154
26133186
26133209
26133218
26133250
26133282
26133314
26133346
26133373
26133378
26133410
26133442
26133473
26133505
26133526
26133537
26133569
26133601
26133633
26133665
26133687
26133696
26133727
26133758
26133791
26133822
26133844
26133854
26133886
26133918
26133950
26133982
26134001
26134014
26134044
26134076
26134108
26134140
26134164
26134172
26134204
26134237
26134268
26134300
26134327
26134332
26134364
26134396
26134428
26134460
26134485
26134491
26134523
26134555
26134587
26134619
26134643
26134651
26134683
26134714
26134746
26134779
26134806
26134810
26134842
26134874
26134906
26134938
26134964
26134970
26135002
26135034
26135066
26135099
26135126
26135130
26135162
26135195
26135226
26135259
26135286
26135290
26135322
26135354
26135387
26135418
26135450
26135451
26135482
26135514
26135546
26135578
26135602
26135611
26135642
26135674
26135706
26135739
26135761
26135770
26135802
26135834
26135866
26135898
26135922
26135930
26135962
26135994
26136026
26136058
26136080
26136090
26136122
26136154
26136186
26136218
26136245
26136249
26136281
26136313
26136345
26136377
26136399
26136409
26136441
26136473
26136505
26136538
26136557
26136569
26136601
26136633
26136665
26136697
26136721
26136730
26136760
26136792
26136824
26136856
26136878
26136888
26136920
26136952
26136984
26137016
26137033
26137048
26137078
26137110
26137142
26137174
26137196
26137206
26137238
26137269
26137301
26137333
26137356
26137366
26137398
26137430
26137461
26137492
26137508
26137524
26137556
26137588
26137620
26137652
26137676
26137684
26137717
26137748
26137780
26137812
26137836
26137843
26137875
26137907
26137939
26137971
26137994
26138002
26138034
26138066
26138098
26138130
26138159
26138162
26138194
26138226
26138258
26138290
26138322
26138330
26138354
26138386
26138418
26138450
26138482
26138499
26138514
26138546
26138578
26138610
26138632
26138642
26138674
26138706
26138738
26138769
26138793
26138801
26138833
26138865
26138897
26138929
26138956
26138961
26138993
26139024
26139055
26139087
26139112
26139119
26139151
26139183
26139215
26139247
26139274
26139279
26139311
26139343
26139374
26139406
26139430
26139438
26139471
26139501
26139532
26139564
26139587
26139596
26139628
26139660
26139692
26139724
26139744
26139756
26139787
26139819
26139851
26139883
26139907
26139915
26139947
26139978
26140009
26140041
26140066
26140073
26140105
26140137
26140169
26140201
26140227
26140233
26140265
26140297
26140329
26140361
26140389
26140393
26140425
26140457
26140489
26140521
26140553
26140561
26140585
26140617
26140649
26140681
26140705
26140714
